1459 8 1
572759.0 33041.0 115504.0 8557.0 16635.0 14334.0 2427.0 2944.0
21
169704.0 50155.0 8081.0 19613.0 8146.0 10354.0 5145.0 2062.0
21
22853.0 15737.0 5196.0 18775.0 8201.0 11417.0 6057.0 2153.0
21
11947.0 12204.0 879.0 14359.0 26259.0 8781.0 3866.0 4376.0
21
2409.0 19370.0 14885.0 5291.0 14325.0 14302.0 3792.0 1536.0
21
3924.0 35003.0 16074.0 10039.0 10466.0 7018.0 4938.0 6198.0
21
31641.0 28972.0 15127.0 6437.0 6078.0 7500.0 6616.0 3815.0
21
28677.0 15768.0 45685.0 3635.0 18896.0 10369.0 5771.0 5522.0
21
48195.0 6127.0 10913.0 17914.0 11258.0 9669.0 6178.0 8096.0
21
45837.0 54673.0 4513.0 3294.0 11559.0 12394.0 4917.0 3601.0
21
5203.0 7917.0 12044.0 9015.0 3515.0 3532.0 3000.0 1124.0
21
11245.0 43159.0 15016.0 6950.0 4916.0 2771.0 2755.0 3052.0
21
9992.0 17251.0 26015.0 5572.0 12129.0 2722.0 2231.0 445.0
21
5614.0 19698.0 4379.0 8466.0 7117.0 6499.0 2093.0 2328.0
21
10876.0 10493.0 3516.0 10455.0 11279.0 8568.0 3770.0 2954.0
21
1776248.0 88135.0 59486.0 79588.0 16704.0 69465.0 31206.0 29574.0
21
277951.0 152734.0 26975.0 9421.0 7631.0 4820.0 4515.0 1714.0
21
76811.0 58676.0 26545.0 1346.0 26421.0 7244.0 10641.0 3760.0
21
1188082.0 94905.0 21643.0 16839.0 11557.0 5553.0 4157.0 3677.0
21
44840.0 17154.0 10650.0 18129.0 10077.0 16175.0 5243.0 2856.0
21
15154.0 49688.0 4406.0 10678.0 5649.0 10929.0 9155.0 2586.0
21
9475.0 55589.0 20873.0 9630.0 16423.0 13859.0 6005.0 8730.0
21
644905.0 304007.0 8343.0 61292.0 67123.0 9144.0 13475.0 15309.0
21
44303.0 68387.0 6057.0 20416.0 7805.0 20443.0 5450.0 2489.0
21
22887.0 25866.0 21296.0 2570.0 4553.0 6441.0 3647.0 4277.0
21
6662.0 38140.0 4413.0 3242.0 5743.0 10668.0 2981.0 2404.0
21
24956.0 36707.0 39069.0 15900.0 13390.0 26739.0 5302.0 2274.0
21
25952.0 26566.0 18462.0 8445.0 10335.0 9679.0 3712.0 5838.0
21
9395.0 7130.0 4968.0 5741.0 11133.0 7697.0 2888.0 4613.0
21
211073.0 51557.0 57868.0 52514.0 55912.0 52091.0 43077.0 17372.0
21
64032.0 63417.0 12472.0 9486.0 7017.0 11423.0 10340.0 5873.0
21
5038.0 10641.0 14386.0 1936.0 7180.0 14607.0 5864.0 3250.0
21
5007.0 10541.0 4147.0 16931.0 17059.0 6467.0 4851.0 4946.0
21
52837.0 16479.0 50693.0 18765.0 30626.0 16070.0 4484.0 3524.0
21
189340.0 55135.0 12572.0 15372.0 7483.0 9075.0 3510.0 2538.0
21
14096.0 31862.0 25345.0 18329.0 17668.0 14666.0 3446.0 2066.0
21
269644.0 163415.0 3029.0 46568.0 20626.0 38133.0 12111.0 1280.0
21
3387.0 6635.0 3769.0 5499.0 2284.0 6046.0 2179.0 548.0
21
95257.0 10393.0 2329.0 5079.0 3457.0 1732.0 1068.0 407.0
21
921963.0 145593.0 88172.0 37378.0 27491.0 35721.0 6815.0 4827.0
21
8626.0 21811.0 4964.0 11189.0 9418.0 9021.0 1405.0 1665.0
21
8188.0 8088.0 10319.0 5852.0 4317.0 2260.0 2345.0 3362.0
21
371122.0 115453.0 6553.0 630.0 3701.0 2071.0 2878.0 543.0
21
99629.0 32744.0 73155.0 11094.0 17599.0 9911.0 4360.0 6650.0
21
76854.0 28635.0 24444.0 14849.0 14063.0 14695.0 1461.0 1145.0
21
14722.0 38281.0 3882.0 3318.0 3043.0 5915.0 1327.0 1823.0
21
69643.0 15148.0 5097.0 3402.0 5747.0 5993.0 4497.0 3564.0
21
31406.0 35509.0 4466.0 12971.0 8097.0 3994.0 2239.0 1640.0
21
65615.0 35738.0 21899.0 21379.0 9777.0 8390.0 3805.0 3983.0
21
28643.0 80832.0 27120.0 7343.0 7728.0 5374.0 5319.0 3315.0
21
587433.0 41136.0 18374.0 13998.0 4868.0 7445.0 3220.0 5051.0
21
1129207.0 21168.0 7805.0 8568.0 2719.0 2796.0 1829.0 1044.0
21
36548.0 72291.0 4468.0 22751.0 3013.0 8829.0 2252.0 1084.0
21
185205.0 48784.0 9546.0 5907.0 4001.0 3856.0 3272.0 5283.0
21
1195935.0 73789.0 14173.0 8067.0 1015.0 6074.0 1665.0 1417.0
21
19850.0 120891.0 22858.0 46982.0 17374.0 82962.0 29372.0 17729.0
21
12014.0 12519.0 5174.0 20703.0 12678.0 15657.0 14437.0 6585.0
21
144331.0 33062.0 14030.0 14869.0 15089.0 10221.0 6127.0 3832.0
21
185889.0 115291.0 39323.0 17439.0 15246.0 14551.0 16736.0 4680.0
21
127980.0 150064.0 78311.0 30445.0 26150.0 22009.0 17984.0 10285.0
21
175691.0 68192.0 25821.0 11804.0 3808.0 6060.0 2772.0 2179.0
21
321972.0 205601.0 34941.0 9696.0 12745.0 10119.0 10598.0 4759.0
21
65098.0 34484.0 154860.0 18695.0 12674.0 16987.0 8003.0 2862.0
21
1376943.0 27677.0 46699.0 28588.0 10292.0 14999.0 15935.0 9370.0
21
473529.0 76728.0 9615.0 13768.0 8752.0 3597.0 2752.0 2420.0
21
81058.0 69765.0 13770.0 6316.0 11329.0 15105.0 14436.0 2168.0
21
65334.0 18431.0 29636.0 12650.0 5751.0 17105.0 4002.0 4471.0
21
20362.0 76854.0 15466.0 13906.0 4218.0 12901.0 6011.0 3749.0
21
157916.0 31531.0 2408.0 28380.0 13138.0 20579.0 17513.0 5397.0
21
154447.0 29287.0 6568.0 7796.0 8264.0 3231.0 6517.0 1921.0
21
32576.0 26343.0 38726.0 32678.0 18419.0 11994.0 7139.0 12381.0
21
303265.0 17513.0 2242.0 5135.0 2075.0 2692.0 5067.0 3478.0
21
979047.0 33789.0 52754.0 73077.0 31795.0 26688.0 17241.0 7532.0
21
53859.0 109285.0 58207.0 19617.0 14337.0 19838.0 15312.0 9408.0
21
54556.0 21050.0 36650.0 24258.0 17816.0 9987.0 9918.0 6176.0
21
227390.0 121859.0 12053.0 13248.0 39597.0 36985.0 13703.0 39544.0
21
17602.0 20272.0 12120.0 9970.0 17930.0 8195.0 15978.0 3359.0
21
65407.0 19377.0 1817.0 19727.0 20388.0 19955.0 4692.0 2354.0
21
652321.0 249417.0 60080.0 42117.0 70447.0 22060.0 9564.0 2251.0
21
452349.0 50425.0 14968.0 2188.0 2861.0 4749.0 1637.0 2747.0
21
21447.0 86367.0 4425.0 30038.0 13923.0 12884.0 20558.0 1269.0
21
49108.0 45730.0 23475.0 15540.0 19313.0 8641.0 18458.0 10811.0
21
88683.0 27363.0 8899.0 1344.0 3228.0 4528.0 3581.0 2486.0
21
131473.0 45761.0 27769.0 18745.0 26621.0 7603.0 9552.0 1231.0
21
475200.0 75273.0 38845.0 13657.0 14667.0 10659.0 12845.0 8301.0
21
121126.0 25304.0 3960.0 7335.0 11576.0 10118.0 12327.0 18535.0
21
180023.0 70165.0 3106.0 2920.0 6767.0 5702.0 2853.0 2659.0
21
14552.0 25743.0 26761.0 21723.0 12888.0 5906.0 5980.0 4351.0
21
26330.0 21554.0 2637.0 27681.0 12403.0 7154.0 9834.0 2186.0
21
54395.0 114654.0 22956.0 14300.0 23106.0 14842.0 4555.0 2349.0
21
334927.0 215039.0 31663.0 41531.0 33693.0 28244.0 5936.0 8834.0
21
35199.0 42876.0 12192.0 25504.0 24379.0 27844.0 25499.0 7911.0
21
88444.0 16420.0 5846.0 3983.0 3766.0 2553.0 3007.0 2221.0
21
1760761.0 81004.0 11512.0 18449.0 26551.0 9608.0 5513.0 5113.0
21
69750.0 29178.0 31277.0 12399.0 12626.0 18104.0 14175.0 7971.0
21
525200.0 156156.0 25633.0 22747.0 14209.0 24153.0 14707.0 11828.0
21
99126.0 28120.0 933.0 4085.0 7569.0 5489.0 4171.0 2061.0
21
38173.0 13057.0 852.0 734.0 6775.0 5728.0 4248.0 3044.0
21
1105100.0 26387.0 1339.0 2041.0 28804.0 16626.0 19390.0 6493.0
21
2001888.0 53541.0 4723.0 3700.0 5856.0 6414.0 4409.0 3502.0
21
3326461.0 202183.0 79117.0 108668.0 46929.0 45555.0 23647.0 8225.0
21
213710.0 77262.0 62036.0 30942.0 8261.0 16196.0 12947.0 10459.0
21
328206.0 559994.0 111070.0 99481.0 36069.0 108486.0 100130.0 45789.0
21
38363.0 30332.0 33986.0 35033.0 18882.0 25224.0 25889.0 15854.0
21
88602.0 3875.0 14421.0 7696.0 1991.0 2937.0 2372.0 1816.0
21
941353.0 128750.0 13595.0 41514.0 18936.0 18200.0 5622.0 6713.0
21
70674.0 55993.0 22849.0 17240.0 15119.0 22142.0 12576.0 10882.0
21
1175885.0 129899.0 90537.0 31577.0 20686.0 12495.0 15386.0 27259.0
21
1550710.0 12194.0 12155.0 14665.0 5607.0 14125.0 14379.0 7019.0
21
1126067.0 104831.0 69554.0 23019.0 7097.0 21055.0 21346.0 10447.0
21
119554.0 63842.0 5439.0 6322.0 43171.0 29808.0 23625.0 11942.0
21
23870.0 58625.0 18610.0 19303.0 25027.0 12394.0 5321.0 7682.0
21
23133.0 42470.0 9107.0 30276.0 26143.0 7954.0 26385.0 9382.0
21
3885.0 14315.0 8090.0 13790.0 5676.0 27514.0 25059.0 16659.0
21
1302287.0 26814.0 38844.0 10743.0 30804.0 23416.0 7505.0 8204.0
21
1050184.0 48395.0 73619.0 11364.0 25358.0 23443.0 22019.0 10868.0
21
6063.0 8510.0 2522.0 13976.0 13730.0 19164.0 5143.0 2941.0
21
265336.0 38536.0 24577.0 13121.0 7889.0 19004.0 12306.0 11092.0
21
164983.0 69589.0 14816.0 16110.0 13515.0 18829.0 8804.0 2949.0
21
43143.0 25628.0 3998.0 5380.0 5528.0 6851.0 9192.0 2133.0
21
6358.0 19912.0 8753.0 23698.0 15011.0 19374.0 13394.0 4851.0
21
583669.0 90191.0 12677.0 14319.0 23898.0 15998.0 11099.0 12726.0
21
359581.0 40633.0 12338.0 1962.0 3039.0 3523.0 5110.0 1838.0
21
143183.0 283186.0 25694.0 16639.0 14688.0 12113.0 3569.0 3688.0
21
2079032.0 410949.0 66103.0 45539.0 49500.0 17681.0 17586.0 7141.0
21
1540.0 27319.0 33780.0 33204.0 9164.0 11448.0 3894.0 1199.0
21
87911.0 107747.0 18650.0 30471.0 57087.0 15255.0 4671.0 16182.0
21
10111.0 38202.0 7633.0 10058.0 6844.0 7098.0 2823.0 7209.0
22
37420.0 9509.0 6752.0 3373.0 7110.0 26003.0 4047.0 8184.0
22
10980.0 26729.0 3354.0 10350.0 4632.0 4178.0 4834.0 8859.0
22
126993.0 18227.0 1181.0 4764.0 3919.0 2497.0 2825.0 2123.0
22
87622.0 14308.0 2945.0 7664.0 6970.0 3479.0 3905.0 2040.0
22
6902.0 21074.0 1590.0 6783.0 4480.0 4640.0 1204.0 1198.0
22
445629.0 88710.0 57348.0 13436.0 9136.0 9718.0 4754.0 4309.0
22
633218.0 119159.0 33242.0 24925.0 38367.0 16036.0 7531.0 4096.0
22
106524.0 74714.0 11295.0 15683.0 8983.0 10973.0 1922.0 525.0
22
4595.0 27394.0 12293.0 7023.0 7356.0 12334.0 2632.0 3575.0
22
16063.0 16067.0 14381.0 4218.0 11466.0 6548.0 3485.0 1410.0
22
759959.0 70546.0 29351.0 30456.0 10026.0 2335.0 808.0 641.0
22
24760.0 14567.0 7304.0 11027.0 5691.0 3521.0 2375.0 1205.0
22
5627.0 45990.0 15830.0 3850.0 12743.0 4413.0 1363.0 2699.0
22
21618.0 19408.0 13270.0 11084.0 4590.0 10382.0 2584.0 2133.0
22
3373.0 11649.0 3087.0 9776.0 9551.0 9408.0 2632.0 1889.0
22
127553.0 10763.0 9275.0 2954.0 11444.0 3428.0 4389.0 4728.0
22
2315.0 15942.0 11213.0 5392.0 5567.0 7031.0 1408.0 733.0
22
111153.0 36640.0 2184.0 5041.0 3711.0 1763.0 1407.0 1134.0
22
209485.0 31298.0 12499.0 5089.0 3284.0 15820.0 9844.0 8112.0
22
7690.0 16017.0 17767.0 1852.0 8847.0 13411.0 8402.0 3187.0
22
36592.0 17738.0 4186.0 16950.0 19046.0 8747.0 29389.0 8243.0
22
20299.0 21197.0 9240.0 12411.0 32932.0 31191.0 13449.0 14972.0
22
8536.0 10879.0 17536.0 4423.0 10535.0 24272.0 9595.0 14337.0
22
4569.0 9818.0 12465.0 5611.0 3713.0 4756.0 2181.0 1444.0
22
21520.0 46537.0 4289.0 6043.0 3323.0 5539.0 11697.0 3990.0
22
25646.0 13372.0 12865.0 2786.0 4580.0 12153.0 3014.0 3030.0
22
19130.0 28391.0 8795.0 12687.0 9217.0 4151.0 4256.0 1638.0
22
13438.0 27774.0 19243.0 36433.0 11918.0 19577.0 4748.0 3760.0
22
9934.0 12533.0 8744.0 13938.0 11782.0 11440.0 13588.0 4805.0
22
582057.0 32000.0 12088.0 9390.0 10197.0 10063.0 17162.0 5389.0
22
51845.0 32702.0 24454.0 8877.0 16816.0 6383.0 2931.0 2918.0
22
19801.0 19514.0 2099.0 2350.0 6703.0 7360.0 2548.0 2605.0
22
11723.0 27524.0 12733.0 16376.0 11110.0 7576.0 1194.0 1912.0
22
26486.0 28010.0 4590.0 64198.0 26432.0 20775.0 4784.0 2035.0
22
6751.0 36895.0 5686.0 15371.0 6036.0 4025.0 2417.0 1416.0
22
16021.0 17460.0 7245.0 10046.0 5223.0 8925.0 5872.0 2436.0
22
13898.0 26499.0 5463.0 2514.0 1974.0 4495.0 4180.0 2388.0
22
67520.0 13040.0 4551.0 5242.0 2243.0 1625.0 346.0 567.0
22
21646.0 25157.0 14209.0 1784.0 10337.0 7848.0 8484.0 8506.0
22
53754.0 47882.0 5376.0 12386.0 7554.0 10241.0 3581.0 1661.0
22
28217.0 25233.0 35916.0 25269.0 18076.0 13973.0 11127.0 7671.0
22
113340.0 65284.0 19367.0 19611.0 12075.0 26588.0 15719.0 14357.0
22
72476.0 45814.0 12374.0 2858.0 10879.0 5017.0 3307.0 4305.0
22
457564.0 26531.0 43558.0 14167.0 11958.0 8449.0 7398.0 3874.0
22
662731.0 283794.0 29617.0 30243.0 26620.0 8019.0 14272.0 3704.0
22
253613.0 197587.0 17656.0 65338.0 171714.0 30585.0 24287.0 13477.0
22
1050925.0 921880.0 63684.0 52530.0 71854.0 37211.0 45725.0 9416.0
22
131723.0 17634.0 6881.0 27406.0 22941.0 8440.0 7717.0 15936.0
22
10890.0 27682.0 9498.0 8962.0 9182.0 5538.0 2825.0 2550.0
22
178079.0 133917.0 22445.0 8293.0 25033.0 31684.0 7766.0 3354.0
22
7914.0 11445.0 6639.0 5339.0 10533.0 10091.0 3273.0 3153.0
22
22063.0 13065.0 4950.0 9783.0 10901.0 14242.0 5377.0 1072.0
22
451842.0 49656.0 1402.0 13916.0 5013.0 11939.0 1929.0 2528.0
22
7866.0 39302.0 28928.0 10928.0 9091.0 12901.0 10653.0 965.0
22
929710.0 58582.0 11802.0 25397.0 15968.0 11854.0 8085.0 11899.0
22
626298.0 293006.0 19539.0 17066.0 12280.0 12870.0 5763.0 5411.0
22
24220.0 45245.0 1123.0 34274.0 10504.0 10570.0 5158.0 4880.0
22
17044.0 14019.0 15161.0 8168.0 22315.0 15470.0 7217.0 11186.0
22
17680.0 19298.0 12458.0 12996.0 9227.0 6774.0 3221.0 2957.0
22
9321.0 6252.0 606.0 2130.0 6900.0 8723.0 3954.0 3667.0
22
10998.0 9087.0 12750.0 8190.0 9296.0 9741.0 3742.0 2018.0
22
712806.0 49590.0 4150.0 7297.0 17151.0 12281.0 12488.0 5659.0
22
22301.0 16838.0 52373.0 18217.0 2931.0 7715.0 4667.0 4950.0
22
2495.0 10935.0 10158.0 4261.0 8071.0 9156.0 8620.0 3638.0
22
252561.0 62082.0 26533.0 15204.0 7997.0 7701.0 8348.0 2489.0
22
5300.0 7046.0 8081.0 3531.0 6702.0 4922.0 1295.0 1009.0
22
5424.0 8070.0 15041.0 8933.0 6847.0 9863.0 1590.0 896.0
22
153188.0 29021.0 25353.0 16310.0 17211.0 10067.0 4087.0 1447.0
22
30006.0 26484.0 2093.0 24078.0 14557.0 16485.0 9718.0 1489.0
22
252878.0 34412.0 37428.0 27291.0 21937.0 4827.0 4459.0 3025.0
22
24163.0 13152.0 14385.0 4767.0 21981.0 11371.0 3954.0 3347.0
22
1569078.0 356709.0 25099.0 44030.0 74760.0 20911.0 8015.0 4705.0
22
321791.0 36405.0 8087.0 9733.0 8124.0 8137.0 1833.0 1437.0
22
1822501.0 203463.0 66609.0 9081.0 34121.0 28513.0 18683.0 7248.0
22
451976.0 44663.0 10119.0 9578.0 8622.0 3123.0 1733.0 982.0
22
98423.0 186621.0 75899.0 25664.0 54421.0 21271.0 4884.0 4202.0
22
69793.0 38011.0 45504.0 52069.0 66471.0 10152.0 5184.0 4139.0
22
38599.0 35839.0 32017.0 3560.0 8403.0 2862.0 1960.0 1110.0
22
1148731.0 411338.0 20676.0 23033.0 33270.0 35522.0 7342.0 9174.0
22
5814.0 19822.0 6392.0 6148.0 9012.0 15143.0 4026.0 2634.0
22
5816.0 9316.0 6574.0 7162.0 19241.0 12432.0 10685.0 7490.0
22
318619.0 25630.0 10623.0 2697.0 10314.0 7757.0 2676.0 3147.0
22
33526.0 21728.0 31277.0 21860.0 12682.0 19854.0 4799.0 6764.0
22
6948.0 5117.0 7616.0 7810.0 12423.0 8302.0 7730.0 2817.0
22
4868.0 23655.0 15312.0 7858.0 15667.0 12288.0 4597.0 5999.0
22
15979.0 10013.0 20759.0 22931.0 10322.0 17488.0 14178.0 5709.0
22
7239.0 35049.0 4542.0 15844.0 7533.0 6540.0 4381.0 1674.0
22
24850.0 12081.0 1782.0 4741.0 7386.0 13119.0 6018.0 1608.0
22
6243.0 15735.0 4882.0 9871.0 5808.0 11346.0 3973.0 2518.0
22
86110.0 11951.0 2894.0 1716.0 2422.0 4229.0 1363.0 950.0
22
55661.0 19066.0 5588.0 4007.0 5193.0 2793.0 936.0 852.0
22
9067.0 15715.0 6565.0 12213.0 3852.0 4632.0 2589.0 1471.0
22
699636.0 84544.0 20822.0 14789.0 27758.0 17027.0 9148.0 4550.0
22
7483.0 17067.0 5625.0 9204.0 8120.0 13803.0 5479.0 4843.0
22
7696.0 35569.0 2602.0 5786.0 7909.0 10172.0 3316.0 2153.0
22
1239946.0 46370.0 9997.0 46510.0 12553.0 25290.0 3032.0 2049.0
22
6960.0 48010.0 10279.0 13097.0 5681.0 8692.0 5387.0 2563.0
22
10126.0 48905.0 19638.0 3921.0 5729.0 9884.0 3785.0 4512.0
22
7555.0 7756.0 3047.0 4088.0 6825.0 8120.0 3636.0 3705.0
22
7727.0 17755.0 10354.0 10319.0 6318.0 6220.0 3242.0 2717.0
22
40176.0 32796.0 21113.0 9417.0 2733.0 16930.0 8673.0 3206.0
22
41591.0 21275.0 12127.0 11732.0 9687.0 7156.0 4000.0 4091.0
22
75811.0 15384.0 3438.0 444.0 4603.0 2204.0 2010.0 1206.0
22
6048.0 35142.0 20764.0 15636.0 10552.0 6678.0 3198.0 4360.0
22
22717.0 52379.0 5799.0 18922.0 8639.0 24507.0 4725.0 7032.0
22
158953.0 48934.0 34249.0 21306.0 21520.0 29116.0 11340.0 14378.0
22
19943.0 33926.0 28636.0 8680.0 12458.0 7777.0 10927.0 6784.0
22
31314.0 14714.0 11524.0 5167.0 13277.0 8270.0 3831.0 1308.0
22
227368.0 13495.0 12922.0 6274.0 11222.0 10954.0 3236.0 6394.0
22
6331.0 26854.0 10167.0 4782.0 7654.0 7517.0 3002.0 2003.0
22
3917.0 21244.0 22260.0 21090.0 4577.0 7061.0 3584.0 2683.0
22
71641.0 14734.0 20609.0 4545.0 6725.0 8710.0 5572.0 7524.0
22
316582.0 146116.0 20754.0 9055.0 8571.0 7993.0 2297.0 4339.0
22
281885.0 34537.0 15480.0 10796.0 11079.0 12915.0 10981.0 2542.0
22
5127.0 14898.0 6243.0 11976.0 12174.0 25112.0 9344.0 2200.0
22
3512.0 7006.0 395.0 12994.0 5580.0 6483.0 3861.0 1162.0
22
31455.0 36242.0 15565.0 11810.0 8407.0 15676.0 4910.0 3077.0
22
190460.0 186985.0 5974.0 21233.0 6627.0 13609.0 6736.0 4657.0
22
26044.0 36658.0 5370.0 19155.0 5944.0 17071.0 9212.0 8290.0
22
178617.0 33030.0 20532.0 9177.0 10873.0 4174.0 6133.0 2237.0
22
451221.0 17031.0 5466.0 1819.0 5677.0 2889.0 1152.0 1284.0
22
42265.0 33123.0 12926.0 32440.0 7691.0 10722.0 2559.0 2969.0
22
10545.0 9099.0 13960.0 14576.0 10505.0 8507.0 7052.0 1884.0
22
8268.0 78958.0 842.0 7698.0 7933.0 6224.0 3892.0 2259.0
22
499235.0 28246.0 4717.0 3925.0 7478.0 9132.0 7035.0 2894.0
22
51432.0 50069.0 3148.0 8908.0 6388.0 10368.0 6877.0 5256.0
22
149520.0 48032.0 4199.0 5936.0 7644.0 14382.0 4343.0 4518.0
22
180960.0 72627.0 20894.0 3321.0 11814.0 15618.0 4789.0 1928.0
22
967077.0 72393.0 20744.0 12105.0 4930.0 5187.0 4573.0 4033.0
22
315722.0 158403.0 14211.0 25643.0 5179.0 12934.0 3994.0 2379.0
22
6446.0 25544.0 31090.0 4709.0 4136.0 14214.0 8728.0 2817.0
22
1053765.0 403420.0 3124.0 53461.0 62826.0 35165.0 32315.0 24155.0
22
7913.0 12035.0 13543.0 10566.0 14143.0 11541.0 2330.0 3477.0
22
489109.0 224411.0 12703.0 26234.0 9743.0 11095.0 6664.0 7378.0
22
27514.0 81609.0 5207.0 9017.0 12966.0 8138.0 4075.0 3623.0
22
29822.0 59813.0 24212.0 10973.0 14092.0 15500.0 6967.0 3239.0
22
28128.0 20466.0 8678.0 9437.0 10547.0 9633.0 5091.0 1694.0
22
21014.0 11611.0 4705.0 19466.0 12669.0 7654.0 2801.0 1653.0
22
12549.0 12397.0 19327.0 23497.0 9780.0 9083.0 27372.0 7612.0
22
19182.0 10504.0 9414.0 5765.0 12256.0 5443.0 7392.0 1783.0
22
2415.0 23427.0 11103.0 6044.0 15673.0 9382.0 3019.0 5424.0
22
741855.0 141800.0 18648.0 19209.0 28215.0 16221.0 5048.0 2255.0
22
29198.0 36962.0 10587.0 7223.0 12445.0 8179.0 2136.0 5637.0
22
364484.0 72482.0 10799.0 1931.0 11780.0 8682.0 8743.0 3902.0
22
21014.0 41328.0 4745.0 7071.0 9853.0 23312.0 1597.0 1223.0
22
6098.0 7716.0 9135.0 4995.0 2089.0 3824.0 2000.0 1159.0
22
3041.0 31584.0 10722.0 14981.0 4043.0 4760.0 3598.0 1984.0
22
30283.0 29203.0 11812.0 5678.0 9766.0 7053.0 4072.0 1778.0
22
21563.0 59657.0 13119.0 3503.0 5947.0 5922.0 2429.0 2790.0
22
1671.0 28637.0 8651.0 21494.0 5649.0 9307.0 2664.0 2849.0
22
727839.0 292999.0 87820.0 97375.0 117907.0 47972.0 16721.0 5854.0
22
37871.0 6724.0 13694.0 34063.0 6777.0 6820.0 8516.0 5778.0
22
219700.0 64502.0 15148.0 12757.0 14396.0 15272.0 3611.0 1581.0
22
882446.0 47631.0 12218.0 29428.0 15454.0 13546.0 2876.0 1080.0
22
22307.0 7238.0 5388.0 3423.0 15198.0 10923.0 6769.0 4556.0
22
21918.0 32657.0 2105.0 2287.0 3644.0 12974.0 2454.0 3907.0
22
86071.0 21555.0 13974.0 2477.0 5104.0 5097.0 2789.0 2388.0
22
47014.0 48100.0 31771.0 11080.0 18441.0 9642.0 6600.0 6065.0
22
84796.0 37489.0 3079.0 2747.0 2552.0 1925.0 1203.0 704.0
22
3564.0 14826.0 8496.0 7672.0 7098.0 11659.0 5255.0 3076.0
22
28502.0 102682.0 16556.0 14089.0 9722.0 12303.0 6160.0 9561.0
22
24959.0 24179.0 8328.0 5022.0 6065.0 18777.0 12422.0 5844.0
22
6107.0 37877.0 11487.0 7094.0 9649.0 13240.0 7412.0 5982.0
22
24365.0 13768.0 7822.0 2122.0 7543.0 13885.0 3851.0 4198.0
22
454651.0 24149.0 20493.0 7838.0 10868.0 26384.0 8955.0 9853.0
22
65242.0 14427.0 6688.0 9546.0 11235.0 12510.0 5470.0 6895.0
22
40430.0 15015.0 13039.0 3649.0 15998.0 15858.0 8056.0 3240.0
22
17542.0 23847.0 13502.0 6133.0 5455.0 12008.0 9247.0 7123.0
22
11049.0 28691.0 11986.0 7509.0 11489.0 12190.0 5221.0 3116.0
22
725381.0 124169.0 12368.0 7057.0 7795.0 15869.0 7565.0 4461.0
22
24650.0 51872.0 10518.0 35116.0 16362.0 13505.0 3569.0 3455.0
22
2078087.0 113454.0 7802.0 29813.0 52327.0 6477.0 4044.0 1770.0
22
174575.0 24666.0 7812.0 10006.0 4269.0 7423.0 1967.0 1289.0
22
470420.0 21338.0 7531.0 12710.0 23446.0 8138.0 1575.0 1346.0
22
1456391.0 109675.0 87154.0 42871.0 11282.0 19079.0 6061.0 3818.0
22
24055.0 12006.0 5627.0 6433.0 8477.0 9604.0 3237.0 1091.0
22
63118.0 92695.0 2971.0 8969.0 9984.0 6682.0 4315.0 3000.0
22
87165.0 31902.0 31141.0 6370.0 11241.0 11433.0 11286.0 2792.0
22
533848.0 57670.0 8576.0 4143.0 9963.0 3814.0 3588.0 6618.0
22
16175.0 18166.0 6488.0 20993.0 2183.0 4108.0 2373.0 3215.0
22
748211.0 32684.0 15745.0 15965.0 6516.0 6442.0 3264.0 2567.0
22
206180.0 37756.0 6344.0 32171.0 5916.0 6492.0 2639.0 2790.0
22
98155.0 10535.0 22245.0 8051.0 5747.0 5359.0 2573.0 2383.0
22
54193.0 75120.0 14717.0 8480.0 2653.0 2433.0 1217.0 2451.0
22
280124.0 5538.0 23460.0 2459.0 7368.0 4121.0 1974.0 3606.0
22
537154.0 228639.0 19898.0 11296.0 8713.0 10070.0 5836.0 2689.0
22
1428885.0 448226.0 24890.0 39118.0 13016.0 13277.0 13421.0 18116.0
22
18503.0 8557.0 23796.0 8847.0 5092.0 2324.0 1117.0 5249.0
22
88438.0 82080.0 17184.0 17978.0 10616.0 6588.0 7337.0 2648.0
22
802972.0 74164.0 17782.0 16880.0 7881.0 15626.0 16346.0 10263.0
22
1067494.0 132571.0 20579.0 9689.0 14690.0 3660.0 3727.0 2346.0
22
610497.0 25669.0 36768.0 25427.0 9000.0 13250.0 6408.0 11864.0
22
21471.0 18259.0 2529.0 10682.0 6237.0 8215.0 8844.0 7314.0
22
676374.0 182046.0 39658.0 8273.0 21690.0 8047.0 2824.0 3193.0
22
49757.0 22003.0 12969.0 10721.0 11661.0 9119.0 9082.0 4037.0
22
290596.0 103607.0 30091.0 14317.0 22586.0 7450.0 4623.0 4173.0
22
264433.0 42898.0 5112.0 7127.0 5488.0 5637.0 5992.0 1684.0
22
377991.0 167104.0 10754.0 45308.0 12712.0 25377.0 6847.0 4217.0
22
278526.0 71829.0 2578.0 6248.0 4774.0 11237.0 4018.0 2622.0
22
552504.0 253392.0 124124.0 70587.0 16040.0 38386.0 35733.0 51375.0
22
94737.0 17816.0 6759.0 3553.0 1746.0 2425.0 1445.0 1222.0
22
89963.0 178558.0 63582.0 39059.0 21378.0 10195.0 12284.0 5635.0
22
2480124.0 510736.0 169747.0 115970.0 180644.0 79629.0 72181.0 108606.0
22
37270.0 100466.0 26253.0 4134.0 3420.0 28427.0 12106.0 7285.0
22
77544.0 22554.0 19324.0 9478.0 27236.0 19628.0 42049.0 9644.0
22
305435.0 10329.0 4855.0 9752.0 3324.0 3909.0 7950.0 1735.0
22
479501.0 61207.0 13168.0 9415.0 9401.0 19001.0 13960.0 19182.0
22
331278.0 146432.0 20357.0 53989.0 27414.0 13223.0 34170.0 16311.0
22
344878.0 127956.0 9366.0 61620.0 29210.0 29275.0 17455.0 9500.0
22
37439.0 29021.0 18967.0 25942.0 17423.0 12381.0 11987.0 4312.0
22
1969365.0 104939.0 29989.0 27639.0 14130.0 39585.0 24821.0 20935.0
22
19735.0 99837.0 28010.0 8751.0 20170.0 7619.0 7325.0 9697.0
22
553734.0 26231.0 38544.0 24864.0 15080.0 16097.0 24702.0 6224.0
22
127967.0 15749.0 10170.0 3299.0 2877.0 8776.0 4924.0 1669.0
22
12557.0 24333.0 44834.0 18493.0 10491.0 5591.0 20250.0 9769.0
22
16369.0 80513.0 30474.0 3206.0 9622.0 4820.0 5891.0 3023.0
22
20319.0 12344.0 8607.0 15109.0 21300.0 31792.0 13957.0 11959.0
22
101844.0 93819.0 3368.0 47060.0 14610.0 12799.0 1992.0 1473.0
22
21347.0 38500.0 9447.0 4665.0 4380.0 11829.0 5123.0 5969.0
22
87331.0 123992.0 18027.0 15597.0 3494.0 13630.0 18336.0 5290.0
22
44651.0 42421.0 3650.0 4287.0 22768.0 16599.0 32736.0 6347.0
22
49607.0 13849.0 10135.0 6949.0 5208.0 7037.0 4124.0 2871.0
22
666958.0 10143.0 23019.0 12604.0 21852.0 9157.0 23700.0 4344.0
22
24426.0 53845.0 12376.0 22060.0 16951.0 11799.0 6042.0 2545.0
22
53633.0 78478.0 23850.0 29636.0 7931.0 15355.0 24064.0 6602.0
22
93412.0 43920.0 14184.0 9766.0 11403.0 13344.0 11701.0 4656.0
22
381156.0 36160.0 5016.0 4471.0 6453.0 3862.0 2300.0 1089.0
22
5646.0 7168.0 21569.0 13073.0 7547.0 11895.0 5394.0 4005.0
22
21056.0 17200.0 5937.0 9032.0 14971.0 14521.0 6446.0 2759.0
22
83095.0 124221.0 12965.0 15304.0 12937.0 18362.0 9252.0 4910.0
22
16787.0 17367.0 34523.0 22383.0 11242.0 17964.0 5395.0 4162.0
22
479840.0 29222.0 10187.0 4469.0 1735.0 3555.0 6955.0 11586.0
22
38071.0 67914.0 13177.0 44640.0 30473.0 19399.0 4804.0 7244.0
22
447881.0 29317.0 193.0 2219.0 3926.0 11659.0 1585.0 1716.0
22
565084.0 20659.0 31554.0 35829.0 16641.0 27166.0 9137.0 13980.0
22
306965.0 17157.0 4769.0 2560.0 9836.0 4544.0 3418.0 2086.0
22
61582.0 9970.0 10699.0 7290.0 4636.0 3295.0 5154.0 1281.0
22
50401.0 7573.0 2378.0 3357.0 6584.0 8769.0 3147.0 6453.0
22
26899.0 46125.0 21897.0 15534.0 8738.0 18261.0 10422.0 6425.0
22
216713.0 111988.0 10997.0 9872.0 9768.0 11579.0 10826.0 4347.0
22
54526.0 22107.0 7425.0 9425.0 5790.0 8973.0 1655.0 2107.0
22
662371.0 207664.0 40212.0 20220.0 16633.0 16350.0 35971.0 7021.0
22
786050.0 147595.0 19294.0 34991.0 56828.0 25582.0 33910.0 16482.0
22
27177.0 46337.0 13407.0 25082.0 15793.0 15175.0 12574.0 18247.0
22
105646.0 8076.0 2050.0 3890.0 1536.0 4786.0 1785.0 3160.0
22
1212337.0 130396.0 23359.0 23589.0 7507.0 13289.0 16281.0 2679.0
22
24991.0 44556.0 13760.0 44710.0 13274.0 14578.0 15125.0 10481.0
22
80006.0 16716.0 23504.0 6378.0 8022.0 4095.0 4152.0 3446.0
22
11401.0 28860.0 20045.0 12975.0 4585.0 14829.0 3105.0 1874.0
22
151673.0 86977.0 17270.0 57944.0 24105.0 5775.0 9186.0 20271.0
22
21703.0 91194.0 120131.0 10101.0 19229.0 17572.0 10071.0 8177.0
22
273383.0 387152.0 11702.0 14511.0 12760.0 22190.0 8706.0 18113.0
22
316433.0 96584.0 16585.0 50863.0 16719.0 14175.0 19858.0 4955.0
22
16022.0 16236.0 10410.0 24340.0 24418.0 34001.0 13390.0 4432.0
22
10562.0 29090.0 22275.0 8032.0 6207.0 12457.0 8098.0 9263.0
22
39413.0 67007.0 26592.0 34354.0 13956.0 22186.0 6170.0 9457.0
22
266859.0 24565.0 2377.0 4274.0 1574.0 3782.0 4043.0 2771.0
22
21948.0 15584.0 8686.0 20177.0 10729.0 15340.0 11512.0 4411.0
22
58076.0 67717.0 8481.0 7997.0 12898.0 28211.0 34059.0 6830.0
22
24307.0 12316.0 4781.0 1589.0 4433.0 2714.0 1997.0 1399.0
22
854288.0 20972.0 11278.0 21858.0 4737.0 12095.0 14991.0 5870.0
22
365543.0 21064.0 25680.0 54403.0 15714.0 17148.0 8819.0 3580.0
22
164611.0 290333.0 8531.0 31383.0 25973.0 14129.0 10368.0 4944.0
22
4863.0 8912.0 7404.0 928.0 11782.0 12376.0 14099.0 5224.0
22
119122.0 72799.0 4493.0 8888.0 11133.0 3716.0 1311.0 997.0
22
316384.0 16362.0 6460.0 3589.0 2408.0 5166.0 1489.0 1419.0
22
2315.0 17107.0 13590.0 9856.0 10560.0 7111.0 4406.0 2325.0
22
580497.0 122081.0 20859.0 27497.0 27935.0 31595.0 18593.0 16560.0
22
1796198.0 872448.0 31656.0 24444.0 143634.0 86663.0 44604.0 37056.0
23
4258.0 5747.0 4374.0 854.0 6515.0 33512.0 9585.0 50887.0
23
10036.0 12258.0 3934.0 10601.0 19496.0 11264.0 1190.0 2520.0
23
271639.0 19765.0 4992.0 3452.0 3730.0 3332.0 2898.0 1239.0
23
147815.0 23623.0 17830.0 11483.0 8552.0 7305.0 2188.0 754.0
23
16342.0 24650.0 7646.0 2661.0 6372.0 2808.0 2223.0 1592.0
23
10657.0 10678.0 13324.0 6898.0 7885.0 5509.0 1395.0 1481.0
23
1633764.0 169315.0 14962.0 31499.0 18457.0 23570.0 8277.0 7888.0
23
437143.0 27547.0 7355.0 19782.0 7900.0 18280.0 3283.0 2210.0
23
51598.0 12932.0 8124.0 649.0 3346.0 4325.0 1563.0 508.0
23
27071.0 16270.0 36980.0 9267.0 4943.0 7662.0 2894.0 3155.0
23
39446.0 74067.0 27860.0 6135.0 10763.0 6555.0 1267.0 4630.0
23
96315.0 42183.0 11474.0 23744.0 4559.0 11082.0 2790.0 1997.0
23
2225.0 20786.0 11108.0 10149.0 11690.0 6640.0 2839.0 3834.0
23
11585.0 18570.0 10414.0 21196.0 20279.0 9450.0 1566.0 3101.0
23
32895.0 4907.0 7828.0 6672.0 11287.0 6123.0 3284.0 891.0
23
9795.0 12461.0 30513.0 7480.0 7863.0 3138.0 3583.0 1317.0
23
26942.0 39804.0 4732.0 44263.0 15735.0 11140.0 1510.0 1777.0
23
402285.0 63364.0 5242.0 22237.0 20566.0 14944.0 6548.0 5469.0
23
258327.0 91750.0 7446.0 1923.0 4856.0 6858.0 2944.0 3000.0
23
17613.0 20194.0 12149.0 2868.0 19007.0 12943.0 17986.0 5720.0
23
7353.0 11728.0 7852.0 3988.0 4217.0 21764.0 9928.0 4829.0
23
12947.0 11863.0 7847.0 14802.0 14882.0 35726.0 10646.0 14970.0
23
7530.0 10814.0 9553.0 3620.0 11491.0 16099.0 14862.0 7943.0
23
23181.0 12628.0 15288.0 11739.0 4532.0 8379.0 2131.0 2277.0
23
14727.0 30227.0 1823.0 5674.0 6640.0 9146.0 4098.0 1179.0
23
47038.0 14418.0 18555.0 4062.0 3278.0 4248.0 1882.0 2491.0
23
3893.0 25715.0 24483.0 4055.0 14543.0 3547.0 432.0 2225.0
23
15510.0 8892.0 9226.0 8695.0 5395.0 2789.0 1743.0 1609.0
23
440888.0 313317.0 53334.0 19579.0 32544.0 37929.0 14302.0 18038.0
23
1178207.0 169702.0 30420.0 78884.0 33093.0 21962.0 6995.0 16030.0
23
140686.0 19982.0 34828.0 6234.0 8771.0 15043.0 8639.0 6519.0
23
30797.0 20115.0 8428.0 17825.0 6022.0 5106.0 5445.0 2237.0
23
34164.0 12747.0 6205.0 2407.0 12782.0 5376.0 3748.0 1478.0
23
62459.0 83546.0 37110.0 4457.0 4606.0 7663.0 4102.0 3503.0
23
7874.0 9997.0 2406.0 10900.0 11493.0 7601.0 1640.0 1831.0
23
17179.0 40887.0 4181.0 16408.0 4557.0 4585.0 9977.0 2550.0
23
85634.0 28022.0 36943.0 10436.0 11831.0 7587.0 715.0 1706.0
23
104963.0 41555.0 8709.0 23660.0 13071.0 5023.0 3757.0 1018.0
23
170050.0 31710.0 11392.0 26505.0 5207.0 10522.0 14388.0 4481.0
23
33698.0 77291.0 5575.0 15072.0 12555.0 6788.0 7846.0 5553.0
23
23778.0 30419.0 9163.0 27013.0 13087.0 20646.0 4684.0 7267.0
23
453042.0 21990.0 3187.0 9780.0 2169.0 2426.0 8147.0 2165.0
23
741743.0 211585.0 20365.0 20563.0 12519.0 16282.0 19725.0 23140.0
23
164707.0 45682.0 13209.0 2032.0 7122.0 8942.0 4418.0 3781.0
23
861582.0 20183.0 4765.0 8217.0 5904.0 9819.0 3643.0 4670.0
23
879571.0 19699.0 7658.0 3232.0 4193.0 5106.0 3624.0 2238.0
23
198214.0 81609.0 4590.0 13918.0 3938.0 7104.0 6596.0 3707.0
23
483285.0 22684.0 18871.0 12046.0 17589.0 38243.0 27102.0 23166.0
23
7768.0 13221.0 7666.0 10360.0 9818.0 10208.0 5256.0 4488.0
23
41948.0 19715.0 21800.0 16635.0 24021.0 7138.0 1402.0 3427.0
23
760111.0 126889.0 30916.0 38426.0 8512.0 14159.0 5267.0 7184.0
23
3380.0 12840.0 37180.0 4414.0 5630.0 5467.0 7085.0 1681.0
23
40704.0 45304.0 7465.0 19549.0 15271.0 27276.0 7357.0 3125.0
23
17782.0 18421.0 26902.0 7112.0 4073.0 5691.0 3410.0 2721.0
23
2015527.0 242379.0 49066.0 30638.0 15740.0 20473.0 5692.0 5086.0
23
1009176.0 133354.0 29542.0 3264.0 20485.0 14864.0 10098.0 9821.0
23
10402.0 28719.0 13579.0 21254.0 12705.0 9417.0 3897.0 2297.0
23
216888.0 37384.0 12148.0 19133.0 7497.0 6731.0 6111.0 4177.0
23
6544.0 54724.0 8544.0 8047.0 5240.0 17317.0 7277.0 3620.0
23
8009.0 75678.0 10283.0 3507.0 11146.0 7969.0 7322.0 2739.0
23
111785.0 21668.0 9781.0 11011.0 17753.0 6015.0 10008.0 4105.0
23
6975.0 31080.0 3896.0 2658.0 13191.0 5148.0 5738.0 2732.0
23
13042.0 41739.0 5510.0 3597.0 17123.0 19243.0 4375.0 2011.0
23
10208.0 11797.0 9103.0 20893.0 11853.0 6358.0 3649.0 3221.0
23
15509.0 20266.0 14817.0 4573.0 6424.0 3788.0 1793.0 3966.0
23
87515.0 21815.0 13314.0 15126.0 13863.0 7706.0 2946.0 1369.0
23
109802.0 11872.0 1054.0 1623.0 10685.0 7381.0 1893.0 512.0
23
6490.0 24706.0 2446.0 15792.0 10847.0 10429.0 1925.0 911.0
23
42463.0 78884.0 9949.0 23786.0 10624.0 15319.0 2971.0 1820.0
23
58249.0 11533.0 6906.0 1421.0 10006.0 1800.0 252.0 105.0
23
646383.0 734582.0 117576.0 147127.0 100600.0 23737.0 12668.0 13237.0
23
29554.0 17308.0 37872.0 12510.0 4522.0 4372.0 9794.0 1899.0
23
137237.0 12740.0 905.0 4164.0 9049.0 2571.0 2471.0 759.0
23
1180929.0 595866.0 23910.0 103066.0 88663.0 126952.0 19652.0 38058.0
23
4331.0 13611.0 8938.0 2071.0 8906.0 9412.0 4629.0 2244.0
23
24794.0 14291.0 9947.0 5576.0 11291.0 4965.0 6425.0 2334.0
23
40743.0 17593.0 2851.0 29141.0 9637.0 6003.0 2257.0 2953.0
23
54450.0 4823.0 14168.0 3251.0 1974.0 8883.0 2680.0 2918.0
23
727227.0 100532.0 51136.0 94835.0 79602.0 54063.0 32874.0 17183.0
23
71912.0 91647.0 4494.0 8820.0 13650.0 19225.0 9494.0 5249.0
23
1726117.0 39677.0 10455.0 9812.0 7773.0 16875.0 10797.0 5958.0
23
38074.0 13793.0 13947.0 8488.0 12382.0 12549.0 1974.0 3354.0
23
7310.0 20547.0 4458.0 21670.0 14037.0 10036.0 9141.0 3014.0
23
75288.0 32875.0 2486.0 3003.0 3289.0 7314.0 1662.0 632.0
23
17652.0 9684.0 25668.0 14721.0 6754.0 12608.0 3923.0 3117.0
23
352816.0 128753.0 46661.0 7879.0 11779.0 5605.0 3134.0 2645.0
23
280863.0 61059.0 9351.0 12617.0 28039.0 22960.0 12210.0 15423.0
23
17256.0 9771.0 8232.0 4706.0 10873.0 5614.0 2210.0 1405.0
23
68810.0 70865.0 23308.0 25805.0 13243.0 11751.0 4215.0 2011.0
23
290360.0 9215.0 2323.0 1069.0 611.0 1590.0 878.0 1080.0
23
67273.0 24246.0 6392.0 2135.0 2012.0 1862.0 905.0 1137.0
23
6271.0 13500.0 10128.0 14123.0 18249.0 7176.0 3906.0 1679.0
23
2744842.0 204046.0 94814.0 56185.0 102376.0 21702.0 15410.0 5169.0
23
111047.0 39009.0 19875.0 6250.0 14689.0 11132.0 4906.0 2735.0
23
67132.0 83991.0 3204.0 14333.0 7726.0 10750.0 3253.0 4764.0
23
1308619.0 227889.0 10746.0 32073.0 40324.0 12482.0 7134.0 4069.0
23
48774.0 23699.0 11082.0 2315.0 2764.0 1883.0 670.0 934.0
23
144284.0 82921.0 1010.0 2035.0 8364.0 7464.0 4211.0 4030.0
23
26017.0 36355.0 6127.0 6394.0 10663.0 10679.0 2289.0 7283.0
23
45177.0 11427.0 12843.0 9260.0 4577.0 8800.0 5159.0 5190.0
23
19856.0 54488.0 23933.0 7650.0 10624.0 6083.0 1863.0 1734.0
23
18048.0 49323.0 12418.0 2366.0 12139.0 5906.0 3245.0 1165.0
23
175503.0 63173.0 11467.0 8135.0 9370.0 5591.0 4387.0 1470.0
23
12761.0 11308.0 17765.0 4394.0 5343.0 4660.0 1925.0 589.0
23
115294.0 37100.0 2035.0 2687.0 4271.0 1858.0 945.0 984.0
23
251048.0 83981.0 30701.0 25945.0 6022.0 9429.0 6686.0 6065.0
23
160125.0 75021.0 22440.0 10141.0 10267.0 20183.0 9036.0 8274.0
23
25878.0 13783.0 21189.0 18988.0 23140.0 5539.0 1658.0 3223.0
23
29701.0 15870.0 12132.0 7076.0 18779.0 22248.0 2496.0 2266.0
23
31955.0 43832.0 11369.0 6855.0 6622.0 6969.0 3757.0 3193.0
23
17466.0 26158.0 14724.0 8397.0 9057.0 5761.0 1812.0 1926.0
23
50706.0 35253.0 23213.0 22272.0 9209.0 7726.0 2272.0 2879.0
23
18265.0 28813.0 22067.0 5222.0 5738.0 5745.0 1649.0 3515.0
23
397293.0 199131.0 31653.0 16673.0 7558.0 8782.0 2128.0 4992.0
23
74839.0 32051.0 15818.0 12770.0 9762.0 8630.0 2382.0 2441.0
23
91552.0 14086.0 16336.0 10898.0 9105.0 4317.0 2389.0 1726.0
23
1229955.0 126248.0 11289.0 8426.0 8302.0 10091.0 4920.0 3176.0
23
79250.0 60553.0 12946.0 7013.0 6249.0 8183.0 2568.0 930.0
23
76147.0 101894.0 21445.0 11923.0 3605.0 11652.0 5587.0 4658.0
23
462112.0 248226.0 42604.0 15030.0 24638.0 8835.0 9711.0 7277.0
23
193070.0 161166.0 19106.0 8497.0 26510.0 12225.0 5606.0 2820.0
23
8314.0 34732.0 23035.0 6681.0 5148.0 7951.0 2704.0 555.0
23
453878.0 15947.0 2224.0 3016.0 4874.0 7386.0 3717.0 2153.0
23
73416.0 21603.0 1136.0 1719.0 1625.0 1467.0 988.0 1017.0
23
28244.0 73167.0 22571.0 16520.0 20684.0 8418.0 6410.0 4458.0
23
87986.0 30670.0 3823.0 2569.0 3741.0 2647.0 692.0 437.0
23
243831.0 103179.0 28219.0 10430.0 12119.0 10147.0 3235.0 2340.0
23
29016.0 38378.0 10665.0 12260.0 6584.0 11076.0 4808.0 2131.0
23
147641.0 318382.0 27467.0 13584.0 12210.0 18650.0 19374.0 9853.0
23
184991.0 52932.0 11298.0 53049.0 13357.0 16140.0 7491.0 2488.0
23
104751.0 23430.0 1318.0 8051.0 4905.0 2614.0 3190.0 606.0
23
2748248.0 51773.0 15944.0 9382.0 15989.0 5824.0 4591.0 1026.0
23
53894.0 24850.0 15556.0 3593.0 6943.0 7930.0 2575.0 2448.0
23
546037.0 139304.0 2141.0 14356.0 4765.0 11867.0 7066.0 4035.0
23
190092.0 202777.0 18205.0 12310.0 9976.0 14040.0 4112.0 2611.0
23
142051.0 52165.0 13967.0 7571.0 14144.0 9374.0 3657.0 3637.0
23
54046.0 32570.0 51784.0 27920.0 25870.0 12026.0 4633.0 2540.0
23
72687.0 31641.0 34949.0 12228.0 14759.0 20377.0 6322.0 2883.0
23
21561.0 76807.0 4220.0 23294.0 13085.0 7008.0 10641.0 2553.0
23
4739.0 12716.0 11117.0 17381.0 4624.0 4799.0 1765.0 1975.0
23
372140.0 112545.0 29603.0 5946.0 8417.0 9879.0 4943.0 2918.0
23
380689.0 74275.0 11391.0 45916.0 24928.0 20741.0 11279.0 13129.0
23
235901.0 313159.0 9099.0 12026.0 2946.0 6887.0 7788.0 5674.0
23
132887.0 60872.0 5571.0 9459.0 5403.0 20399.0 4894.0 6806.0
23
574598.0 232146.0 7141.0 9895.0 9931.0 10273.0 4385.0 4253.0
23
20686.0 15623.0 5795.0 5007.0 2395.0 4964.0 2082.0 1710.0
23
2952.0 21268.0 16634.0 6825.0 4091.0 4723.0 7087.0 3005.0
23
60655.0 19984.0 2442.0 4369.0 1286.0 3907.0 357.0 410.0
23
67710.0 108931.0 17561.0 6022.0 8251.0 10824.0 3490.0 4075.0
23
96232.0 71181.0 11012.0 9818.0 7746.0 7133.0 1727.0 2870.0
23
71075.0 24134.0 10650.0 1938.0 4238.0 3359.0 1508.0 1411.0
23
67375.0 34623.0 26848.0 3738.0 4573.0 9251.0 6863.0 2770.0
23
280326.0 7510.0 4596.0 3001.0 1223.0 1197.0 408.0 156.0
23
556550.0 73443.0 3452.0 11735.0 13654.0 12330.0 6432.0 11313.0
23
90065.0 221763.0 22155.0 14364.0 17511.0 13442.0 6277.0 5941.0
23
57092.0 22971.0 6872.0 3722.0 13345.0 9045.0 4542.0 7520.0
23
408548.0 41449.0 9440.0 18089.0 18634.0 7884.0 11017.0 11367.0
23
21014.0 11152.0 3771.0 7846.0 14538.0 10462.0 2452.0 3516.0
23
30774.0 31558.0 3217.0 20400.0 5101.0 4622.0 5231.0 8343.0
23
71904.0 33442.0 4013.0 8839.0 6598.0 7802.0 12295.0 3239.0
23
42230.0 33153.0 17957.0 14835.0 6337.0 11875.0 3403.0 5112.0
23
102498.0 98044.0 29068.0 19054.0 8462.0 6269.0 7277.0 3617.0
23
33949.0 47388.0 23916.0 8981.0 15353.0 11159.0 5953.0 3123.0
23
167564.0 75896.0 65636.0 40889.0 22487.0 26549.0 6955.0 9485.0
23
392703.0 124423.0 13020.0 17263.0 19160.0 11976.0 8105.0 4613.0
23
26576.0 7020.0 9115.0 5288.0 6619.0 11720.0 3813.0 7059.0
23
87025.0 23239.0 7812.0 7703.0 14011.0 13853.0 10427.0 14221.0
23
5079.0 24227.0 5283.0 13367.0 12401.0 6648.0 4427.0 4236.0
23
46078.0 15126.0 5385.0 19831.0 6531.0 17476.0 9245.0 2921.0
23
10144.0 17452.0 10565.0 7647.0 16227.0 8448.0 5356.0 6077.0
23
922867.0 144641.0 42699.0 16275.0 17864.0 21209.0 7618.0 1872.0
23
54277.0 55621.0 5923.0 9773.0 15725.0 18023.0 4150.0 2840.0
23
231240.0 64394.0 4459.0 11172.0 13547.0 6583.0 1899.0 2407.0
23
33052.0 68178.0 16846.0 3988.0 9877.0 18178.0 4000.0 2114.0
23
106050.0 16393.0 2571.0 2375.0 3291.0 3646.0 1079.0 679.0
23
4850.0 12670.0 9765.0 5825.0 3805.0 5709.0 2367.0 3450.0
23
525892.0 42833.0 25100.0 20262.0 15711.0 24511.0 19759.0 16686.0
23
19167.0 54630.0 4593.0 3717.0 3738.0 7138.0 4425.0 7921.0
23
37607.0 52819.0 1137.0 26035.0 5464.0 5124.0 3296.0 1583.0
23
57813.0 45683.0 47406.0 8581.0 21912.0 7688.0 2491.0 1708.0
23
242695.0 97005.0 42631.0 14971.0 3690.0 3028.0 4425.0 2031.0
23
65220.0 35214.0 8570.0 4110.0 1470.0 2533.0 2838.0 3208.0
23
40115.0 37589.0 2955.0 5657.0 10899.0 3713.0 2696.0 1579.0
23
221017.0 65124.0 27414.0 7142.0 9277.0 4646.0 3142.0 4438.0
23
238105.0 172147.0 18758.0 26936.0 9451.0 5895.0 9930.0 3226.0
23
690914.0 408295.0 50153.0 18527.0 57086.0 13079.0 12440.0 12999.0
23
4488.0 25911.0 15756.0 13378.0 5842.0 10493.0 2575.0 3572.0
23
741222.0 73196.0 25123.0 4525.0 20559.0 11356.0 6163.0 4465.0
23
722311.0 10285.0 3801.0 1018.0 1047.0 802.0 828.0 601.0
23
241097.0 32052.0 23125.0 41998.0 8678.0 11741.0 5592.0 8589.0
23
771866.0 19950.0 43227.0 27927.0 21017.0 28062.0 7966.0 6888.0
23
479716.0 319515.0 89214.0 42152.0 19861.0 33937.0 36848.0 27621.0
23
189429.0 43188.0 6219.0 1009.0 3051.0 5102.0 2116.0 1633.0
23
15899.0 28699.0 7384.0 14608.0 7145.0 15915.0 11343.0 2255.0
23
135060.0 96928.0 24689.0 17135.0 27415.0 7578.0 8192.0 11224.0
23
740601.0 18739.0 8817.0 7664.0 11239.0 7298.0 1638.0 2433.0
23
2047640.0 135308.0 49080.0 24586.0 70175.0 24540.0 43947.0 18830.0
23
112646.0 19168.0 5235.0 29629.0 12326.0 26448.0 9710.0 3794.0
23
52395.0 18602.0 1557.0 22803.0 6965.0 2544.0 3168.0 4022.0
23
451699.0 212880.0 26271.0 61194.0 17139.0 20676.0 20981.0 11006.0
23
297482.0 231688.0 30006.0 14757.0 5730.0 22670.0 21668.0 14407.0
23
47283.0 14275.0 4091.0 2970.0 1622.0 2373.0 1669.0 354.0
23
42066.0 70762.0 29211.0 10573.0 12052.0 12612.0 12976.0 12464.0
23
22871.0 71262.0 17980.0 12840.0 6986.0 19702.0 14283.0 17365.0
23
624537.0 112444.0 55711.0 6733.0 24982.0 19328.0 9255.0 9572.0
23
90319.0 63210.0 2997.0 4452.0 3269.0 6795.0 4880.0 3734.0
23
65114.0 14208.0 11260.0 6530.0 9603.0 16178.0 4860.0 5530.0
23
29754.0 30468.0 5090.0 21615.0 17791.0 12366.0 9294.0 6394.0
23
90267.0 18968.0 15939.0 48791.0 21880.0 17002.0 6514.0 4021.0
23
22190.0 55164.0 6245.0 21507.0 55461.0 30748.0 34219.0 3978.0
23
58051.0 29935.0 12968.0 11598.0 25274.0 18694.0 7027.0 3344.0
23
27564.0 34029.0 22882.0 26609.0 24499.0 18819.0 7475.0 14127.0
23
276546.0 41618.0 11267.0 13419.0 36178.0 5182.0 1820.0 1253.0
23
43909.0 35324.0 11396.0 507.0 4868.0 4105.0 6140.0 1180.0
23
83845.0 34164.0 4878.0 13461.0 6147.0 12601.0 6991.0 4947.0
23
176173.0 67832.0 39434.0 9449.0 9583.0 8661.0 12722.0 3571.0
23
38610.0 71706.0 2894.0 11099.0 12754.0 10704.0 5873.0 3807.0
23
135649.0 87985.0 28257.0 30799.0 37045.0 27376.0 15195.0 8919.0
23
172807.0 69182.0 82560.0 28039.0 4187.0 11960.0 9421.0 4656.0
23
554746.0 18035.0 47810.0 15845.0 8316.0 32310.0 8837.0 12547.0
23
95579.0 17544.0 2353.0 3351.0 6545.0 2497.0 1335.0 1228.0
23
449004.0 97871.0 36389.0 24692.0 11356.0 13553.0 12073.0 3202.0
23
54451.0 43413.0 9977.0 4114.0 2055.0 2829.0 982.0 720.0
23
60883.0 16592.0 7321.0 7493.0 11513.0 6457.0 4644.0 23948.0
23
21928.0 32503.0 26067.0 27398.0 26057.0 12978.0 4120.0 4774.0
23
501497.0 149080.0 70331.0 23590.0 23627.0 15520.0 18204.0 7870.0
23
82423.0 111923.0 19152.0 7186.0 5929.0 4920.0 1728.0 208.0
23
35083.0 15095.0 5869.0 18759.0 7491.0 9816.0 13962.0 11269.0
23
658063.0 20158.0 8779.0 2469.0 7379.0 5277.0 2408.0 1920.0
23
1336768.0 196957.0 34471.0 68661.0 16307.0 22386.0 14218.0 7845.0
23
407390.0 114223.0 69289.0 68641.0 23565.0 16211.0 10181.0 17478.0
23
1093176.0 15891.0 43941.0 23358.0 23419.0 65114.0 11859.0 6489.0
23
16276.0 130885.0 14572.0 20180.0 72346.0 15025.0 23551.0 16670.0
23
1042210.0 99852.0 34722.0 15230.0 11442.0 25618.0 15666.0 7375.0
23
866351.0 140097.0 7387.0 32948.0 25316.0 22330.0 17008.0 9358.0
23
57270.0 33503.0 34831.0 14210.0 16020.0 14878.0 18976.0 6367.0
23
970983.0 60652.0 32436.0 14013.0 7175.0 47233.0 21869.0 17017.0
23
30002.0 15635.0 36882.0 19876.0 20165.0 15182.0 17012.0 12585.0
23
423146.0 32690.0 8430.0 6658.0 7534.0 8052.0 2021.0 2116.0
23
878166.0 130752.0 7586.0 51204.0 10553.0 17025.0 15425.0 9891.0
23
103297.0 23972.0 495.0 2128.0 1038.0 1673.0 1307.0 458.0
23
936869.0 240925.0 109447.0 21907.0 41459.0 27386.0 21388.0 6848.0
23
267380.0 54089.0 47506.0 32875.0 16610.0 21272.0 12620.0 9485.0
23
2974774.0 266517.0 225559.0 41660.0 12739.0 19400.0 27821.0 8199.0
23
284147.0 310905.0 51122.0 8162.0 69685.0 64098.0 68874.0 22795.0
23
803760.0 764449.0 188096.0 229193.0 94001.0 24892.0 69933.0 30029.0
23
598523.0 100946.0 20301.0 31493.0 4795.0 18917.0 7529.0 8956.0
23
478074.0 129755.0 28574.0 8198.0 14770.0 14800.0 12922.0 5968.0
23
595181.0 88273.0 30298.0 7922.0 21498.0 33641.0 18115.0 10502.0
23
40136.0 9698.0 19854.0 8101.0 10857.0 26333.0 45967.0 7292.0
23
8566.0 92258.0 21791.0 22014.0 19880.0 32528.0 18269.0 6200.0
23
118334.0 53668.0 13186.0 17772.0 12697.0 11261.0 2654.0 4605.0
23
21721.0 15182.0 11652.0 4835.0 21222.0 10260.0 20661.0 9729.0
23
33098.0 14238.0 10002.0 11821.0 20239.0 21293.0 11265.0 6599.0
23
77030.0 38283.0 20493.0 11984.0 12736.0 25261.0 8819.0 6727.0
23
338697.0 52188.0 3692.0 41165.0 26073.0 24789.0 15448.0 8874.0
23
1586423.0 245502.0 30718.0 36956.0 29607.0 34507.0 6896.0 8846.0
23
492619.0 80168.0 21644.0 16214.0 7299.0 12664.0 9447.0 4709.0
23
24769.0 18231.0 10202.0 2009.0 3502.0 1750.0 1064.0 1578.0
23
6854.0 15805.0 22769.0 19251.0 6557.0 10655.0 10417.0 6524.0
23
81634.0 79319.0 10017.0 27257.0 16710.0 15857.0 5348.0 6190.0
23
1756.0 7399.0 21573.0 3062.0 15709.0 14016.0 5844.0 1228.0
23
84172.0 45424.0 6896.0 5073.0 5187.0 5058.0 3152.0 2027.0
23
519981.0 86355.0 4068.0 9075.0 10658.0 9433.0 6425.0 11016.0
24
179311.0 308395.0 18134.0 19289.0 26507.0 39995.0 31411.0 10240.0
24
13899.0 13898.0 2358.0 8186.0 17844.0 18809.0 7629.0 5723.0
24
36187.0 8631.0 4824.0 3301.0 4661.0 5947.0 3762.0 2261.0
24
341559.0 80841.0 5475.0 10243.0 7545.0 9412.0 3759.0 4122.0
24
32408.0 51558.0 22795.0 19461.0 16588.0 7891.0 2459.0 1343.0
24
25915.0 31228.0 3517.0 3382.0 8149.0 7089.0 2762.0 640.0
24
603810.0 66390.0 60496.0 62434.0 14002.0 14903.0 6001.0 5460.0
24
1890378.0 59723.0 7533.0 18548.0 15001.0 9901.0 1140.0 1602.0
24
14922.0 57360.0 6090.0 17353.0 5329.0 10241.0 2549.0 1992.0
24
10736.0 8424.0 44121.0 7337.0 10241.0 12397.0 1666.0 1334.0
24
12849.0 10673.0 25530.0 8667.0 3257.0 4216.0 1859.0 1003.0
24
48280.0 26327.0 21244.0 34616.0 32036.0 16937.0 5195.0 3275.0
24
91674.0 25985.0 14893.0 2587.0 1688.0 3341.0 751.0 889.0
24
841634.0 73423.0 20170.0 7516.0 6886.0 2988.0 1524.0 765.0
24
1150656.0 18413.0 18387.0 14563.0 9156.0 4204.0 6952.0 4319.0
24
1545041.0 96269.0 17997.0 16692.0 7675.0 11222.0 5626.0 2791.0
24
104747.0 39274.0 2201.0 12853.0 3608.0 4484.0 3137.0 5345.0
24
291965.0 145601.0 51373.0 27731.0 22722.0 18069.0 4739.0 4164.0
24
7219.0 34213.0 27035.0 11931.0 5526.0 5573.0 8836.0 4497.0
24
81241.0 71219.0 21378.0 20860.0 11043.0 17918.0 19514.0 10389.0
24
19326.0 6322.0 19671.0 2590.0 8835.0 19736.0 14786.0 10377.0
24
27111.0 24596.0 6515.0 13415.0 10958.0 14122.0 11672.0 5385.0
24
13772.0 16494.0 16226.0 4136.0 15025.0 21016.0 7447.0 13609.0
24
9741.0 14750.0 15697.0 5908.0 7115.0 2582.0 1180.0 1643.0
24
18343.0 23677.0 8179.0 2416.0 5470.0 5333.0 2768.0 1195.0
24
498532.0 406455.0 63905.0 42828.0 17008.0 8909.0 4206.0 3480.0
24
1776.0 9969.0 26682.0 16854.0 4042.0 8348.0 1539.0 764.0
24
2590.0 8723.0 8943.0 1115.0 3985.0 3594.0 1839.0 1205.0
24
590621.0 187414.0 21237.0 19758.0 24613.0 13726.0 14912.0 6614.0
24
552845.0 179113.0 26189.0 11143.0 10028.0 15800.0 11184.0 5360.0
24
217016.0 62706.0 5519.0 11470.0 14662.0 4509.0 1067.0 1103.0
24
313369.0 170559.0 32656.0 41814.0 11726.0 8610.0 6096.0 1364.0
24
138741.0 49748.0 13983.0 16975.0 12308.0 14387.0 2141.0 1930.0
24
49018.0 31104.0 10818.0 5539.0 7015.0 8725.0 5929.0 3005.0
24
3463.0 7968.0 7471.0 28590.0 3253.0 4031.0 2904.0 3417.0
24
1273117.0 110676.0 9435.0 33087.0 4303.0 2813.0 2179.0 456.0
24
42653.0 10351.0 6538.0 10096.0 1888.0 3691.0 1489.0 2097.0
24
42937.0 57759.0 9253.0 15694.0 8586.0 4806.0 2529.0 1405.0
24
2417.0 17981.0 16135.0 5731.0 6049.0 5320.0 21175.0 4890.0
24
647398.0 325699.0 2588.0 13216.0 15666.0 14948.0 7950.0 5407.0
24
1240415.0 297418.0 78335.0 116087.0 48965.0 77490.0 42583.0 34950.0
24
528770.0 92119.0 25944.0 37570.0 24825.0 48181.0 22311.0 13731.0
24
973194.0 143631.0 166135.0 106409.0 67081.0 51612.0 16233.0 29067.0
24
173899.0 137511.0 67507.0 31035.0 6139.0 29891.0 28032.0 5668.0
24
305236.0 134933.0 22896.0 26838.0 22538.0 14312.0 25926.0 14601.0
24
600430.0 163734.0 105427.0 20157.0 29456.0 30919.0 9418.0 4709.0
24
587831.0 44789.0 21094.0 71940.0 16508.0 8485.0 14905.0 5646.0
24
1425442.0 219416.0 9374.0 17588.0 19914.0 91514.0 25851.0 33779.0
24
35182.0 15455.0 18290.0 4227.0 8841.0 9424.0 2573.0 4206.0
24
9672.0 19234.0 11146.0 9391.0 4147.0 4335.0 1970.0 1406.0
24
168095.0 24959.0 16951.0 15079.0 24229.0 11697.0 8194.0 3318.0
24
251722.0 147342.0 18676.0 11175.0 24905.0 23636.0 9184.0 9411.0
24
52659.0 62740.0 91873.0 27431.0 36426.0 16892.0 2749.0 2277.0
24
25068.0 14319.0 9787.0 4925.0 3680.0 10163.0 2623.0 2781.0
24
12596.0 15589.0 11188.0 9859.0 7054.0 13339.0 3221.0 3111.0
24
5516.0 17200.0 22947.0 49339.0 11933.0 10621.0 2542.0 4193.0
24
111726.0 59824.0 12775.0 4145.0 6431.0 1775.0 1048.0 966.0
24
183276.0 93480.0 12608.0 8640.0 8701.0 2802.0 1118.0 926.0
24
17997.0 12493.0 6750.0 6322.0 9798.0 2571.0 2080.0 1026.0
24
16358.0 9707.0 3432.0 11327.0 12311.0 9593.0 5150.0 3706.0
24
102210.0 61477.0 2992.0 4788.0 1972.0 1703.0 1658.0 465.0
24
88513.0 9311.0 5362.0 5895.0 3554.0 1664.0 1657.0 1163.0
24
7893.0 54783.0 24812.0 11716.0 18458.0 11321.0 3304.0 3183.0
24
2723.0 30778.0 18479.0 9929.0 20267.0 7173.0 2977.0 2450.0
24
128944.0 21774.0 7599.0 25954.0 9766.0 12004.0 5782.0 4173.0
24
36876.0 28940.0 9555.0 8175.0 12701.0 20456.0 8593.0 14802.0
24
64720.0 17471.0 8657.0 7937.0 6784.0 6360.0 944.0 509.0
24
6145.0 28832.0 10387.0 7856.0 13434.0 8496.0 2423.0 1629.0
24
308280.0 32164.0 5717.0 7147.0 8926.0 4892.0 1004.0 835.0
24
231608.0 127142.0 6938.0 5972.0 15547.0 8505.0 2485.0 2860.0
24
145165.0 24115.0 4912.0 1680.0 3540.0 6691.0 1022.0 444.0
24
13808.0 33363.0 7939.0 3341.0 9331.0 4336.0 2672.0 2122.0
24
668812.0 40253.0 39198.0 8936.0 72692.0 24366.0 10113.0 9559.0
24
417370.0 166774.0 10737.0 12158.0 16652.0 12773.0 11569.0 4169.0
24
33453.0 24644.0 2085.0 22457.0 10734.0 14888.0 5070.0 4295.0
24
9270.0 36074.0 6874.0 12089.0 22654.0 24702.0 6694.0 3455.0
24
29201.0 3338.0 12836.0 12295.0 31776.0 7507.0 5627.0 2173.0
24
30253.0 8240.0 29633.0 3629.0 9668.0 18180.0 7548.0 8176.0
24
81327.0 39890.0 38631.0 13598.0 11690.0 6060.0 2029.0 2518.0
24
7865.0 44760.0 13312.0 12226.0 3114.0 6291.0 3064.0 1279.0
24
15485.0 91412.0 12472.0 4107.0 17496.0 26438.0 4004.0 5993.0
24
45669.0 63655.0 8672.0 15068.0 14682.0 8562.0 7972.0 2361.0
24
102016.0 31307.0 7033.0 1770.0 3072.0 5039.0 2266.0 944.0
24
55819.0 82351.0 17227.0 20996.0 12490.0 14126.0 3912.0 1890.0
24
723424.0 80432.0 55382.0 4505.0 6578.0 6291.0 3430.0 1548.0
24
14021.0 21727.0 9160.0 10443.0 7988.0 8763.0 5228.0 4731.0
24
20688.0 25262.0 13786.0 9012.0 21627.0 5993.0 4285.0 3024.0
24
30116.0 91371.0 11937.0 15403.0 9240.0 10551.0 1062.0 2197.0
24
24789.0 29200.0 11964.0 6423.0 10250.0 14060.0 7407.0 6660.0
24
11641.0 25730.0 1855.0 8197.0 4458.0 7717.0 2853.0 3760.0
24
31089.0 37369.0 28719.0 5945.0 8789.0 13269.0 5159.0 2355.0
24
7368.0 9770.0 12498.0 9682.0 7250.0 12275.0 2514.0 2788.0
24
597752.0 47724.0 15222.0 73833.0 101058.0 84772.0 5846.0 4201.0
24
190083.0 32932.0 20208.0 19567.0 22825.0 13080.0 6632.0 4875.0
24
96403.0 27951.0 1496.0 548.0 1189.0 1926.0 810.0 517.0
24
195179.0 69731.0 8503.0 8898.0 7904.0 8911.0 1436.0 1857.0
24
39172.0 12426.0 5560.0 2818.0 6369.0 6899.0 1957.0 2138.0
24
8586.0 139481.0 4717.0 21693.0 14771.0 12309.0 11069.0 3591.0
24
95521.0 97190.0 15684.0 8918.0 4396.0 7985.0 3074.0 1661.0
24
5584.0 28139.0 29883.0 11234.0 5902.0 15684.0 3868.0 2884.0
24
23731.0 54356.0 8337.0 17836.0 7875.0 13614.0 4992.0 5322.0
24
167762.0 43346.0 24909.0 16931.0 8604.0 8972.0 2174.0 1749.0
24
81803.0 28764.0 4869.0 590.0 1869.0 3185.0 2378.0 717.0
24
14387.0 15656.0 18796.0 6133.0 10641.0 5094.0 1205.0 1833.0
24
19339.0 11914.0 13004.0 12243.0 11615.0 10949.0 3244.0 1626.0
24
31716.0 17983.0 9474.0 19431.0 14222.0 8021.0 3730.0 3776.0
24
208734.0 13303.0 5776.0 4694.0 5232.0 1322.0 4007.0 497.0
24
182385.0 79222.0 23610.0 21579.0 16606.0 12483.0 2505.0 954.0
24
10953.0 22993.0 8165.0 5400.0 8320.0 8828.0 3168.0 1395.0
24
8885.0 55182.0 8797.0 40173.0 6084.0 9054.0 1694.0 1215.0
24
65782.0 8929.0 13885.0 13349.0 35869.0 15567.0 3615.0 2998.0
24
36099.0 48082.0 12135.0 15546.0 10739.0 13158.0 2338.0 2832.0
24
381903.0 29227.0 5005.0 4020.0 8277.0 12062.0 2468.0 2694.0
24
231974.0 255889.0 68683.0 84439.0 62663.0 38852.0 20325.0 11417.0
24
15687.0 12247.0 13354.0 3984.0 9273.0 6070.0 1907.0 1083.0
24
11652.0 4549.0 20600.0 3812.0 9265.0 6209.0 3146.0 1485.0
24
206228.0 47525.0 35706.0 23091.0 21918.0 35946.0 2981.0 4659.0
24
16946.0 39421.0 4626.0 7839.0 10271.0 13623.0 3466.0 1802.0
24
18538.0 8196.0 4494.0 7935.0 6901.0 17803.0 4523.0 1035.0
24
325251.0 71619.0 6256.0 10021.0 6738.0 16866.0 14500.0 3868.0
24
28410.0 100120.0 13265.0 5913.0 9350.0 10096.0 2599.0 1748.0
24
79800.0 15523.0 20846.0 4384.0 6594.0 5997.0 1919.0 2833.0
24
7688.0 35173.0 4162.0 9264.0 8443.0 9199.0 2417.0 2428.0
24
27139.0 35868.0 24990.0 13144.0 11023.0 10271.0 5840.0 1684.0
24
15639.0 37818.0 13128.0 16041.0 10422.0 20596.0 2730.0 3599.0
24
32132.0 4770.0 3239.0 11589.0 6948.0 6933.0 2143.0 2331.0
24
14165.0 41707.0 2586.0 12402.0 17736.0 10312.0 2465.0 2169.0
24
62529.0 44082.0 13856.0 11529.0 9997.0 5856.0 3783.0 3605.0
24
815301.0 131819.0 55989.0 28569.0 21202.0 15479.0 24141.0 22540.0
24
30528.0 36283.0 12844.0 14426.0 10079.0 10070.0 2491.0 2450.0
24
6019.0 15701.0 12209.0 16143.0 12667.0 11164.0 5098.0 3467.0
24
1912966.0 274352.0 25703.0 31857.0 10728.0 10196.0 9125.0 11459.0
24
10446.0 7061.0 5935.0 17017.0 8603.0 13208.0 1348.0 3305.0
24
40830.0 8578.0 26162.0 8748.0 19001.0 5822.0 5604.0 3388.0
24
556288.0 31143.0 19510.0 8363.0 5469.0 7815.0 6036.0 2705.0
24
94388.0 46534.0 18317.0 9364.0 25072.0 17067.0 6710.0 2007.0
24
33287.0 42872.0 22281.0 11757.0 7075.0 7495.0 2850.0 5324.0
24
433803.0 24938.0 34730.0 6330.0 7679.0 6966.0 3211.0 1874.0
24
71760.0 45354.0 6177.0 3519.0 1979.0 6312.0 1983.0 1456.0
24
136300.0 16518.0 1898.0 3309.0 1671.0 2539.0 1080.0 677.0
24
20326.0 33629.0 22586.0 15381.0 20421.0 11297.0 1632.0 3581.0
24
21828.0 20471.0 8977.0 4557.0 15477.0 5143.0 3682.0 2104.0
24
53275.0 2601.0 34739.0 4437.0 3553.0 11975.0 5044.0 2305.0
24
24079.0 29137.0 7648.0 23190.0 5481.0 11364.0 3688.0 3410.0
24
30522.0 35282.0 13398.0 10515.0 7487.0 11043.0 3800.0 1303.0
24
7644.0 25301.0 5781.0 6344.0 3629.0 5346.0 2076.0 1836.0
24
4934.0 12197.0 1767.0 1958.0 3025.0 5005.0 3372.0 3545.0
24
12791.0 29329.0 2130.0 10320.0 8024.0 5161.0 1101.0 1678.0
24
61644.0 59552.0 16630.0 2586.0 2811.0 2397.0 846.0 531.0
24
2387.0 7404.0 3946.0 10753.0 3420.0 6825.0 3106.0 2428.0
24
350994.0 117528.0 21846.0 16751.0 18109.0 9334.0 2584.0 5641.0
24
848049.0 102148.0 33798.0 15869.0 16826.0 7723.0 4630.0 2971.0
24
109071.0 76425.0 22198.0 13603.0 6360.0 7410.0 4630.0 7039.0
24
354914.0 289084.0 37496.0 8121.0 33684.0 11033.0 11675.0 8755.0
24
123587.0 60355.0 1327.0 11533.0 25909.0 16514.0 5562.0 2975.0
24
90414.0 25644.0 1455.0 1735.0 3677.0 1371.0 1394.0 987.0
24
76716.0 12461.0 4317.0 23581.0 4022.0 12128.0 9677.0 3989.0
24
114808.0 102107.0 2715.0 9838.0 11036.0 11037.0 16978.0 14417.0
24
77204.0 99351.0 14980.0 6697.0 6066.0 8272.0 3934.0 6193.0
24
29590.0 17066.0 11743.0 12235.0 7606.0 7299.0 3029.0 3824.0
24
20143.0 18746.0 3907.0 15283.0 5120.0 5436.0 2375.0 4191.0
24
64812.0 34363.0 3540.0 8072.0 9947.0 9188.0 4455.0 6203.0
24
3061388.0 241190.0 114087.0 103099.0 21601.0 35563.0 19398.0 14484.0
24
15812.0 4546.0 1420.0 6402.0 2678.0 4541.0 5326.0 2256.0
24
77332.0 51581.0 11081.0 13063.0 9818.0 22350.0 7162.0 4014.0
24
6836.0 33080.0 5560.0 5181.0 19672.0 9520.0 9108.0 3496.0
24
12160.0 39397.0 101236.0 28540.0 19206.0 4701.0 5137.0 3051.0
24
12220.0 29512.0 3963.0 6393.0 7386.0 9401.0 3510.0 3658.0
24
11023.0 10937.0 10168.0 1444.0 10154.0 5141.0 3149.0 7254.0
24
8420.0 41664.0 6223.0 16807.0 16864.0 14592.0 4176.0 1660.0
24
49551.0 14284.0 18122.0 17412.0 13216.0 7666.0 2978.0 1033.0
24
57825.0 44131.0 23511.0 19905.0 6302.0 5903.0 2175.0 3198.0
24
43060.0 18766.0 7018.0 7116.0 5357.0 3955.0 2661.0 1576.0
24
961.0 13355.0 6395.0 4547.0 7766.0 8190.0 1276.0 919.0
24
227007.0 12559.0 62520.0 41852.0 12952.0 17053.0 5091.0 2279.0
24
18551.0 83207.0 23669.0 19378.0 15477.0 19857.0 3343.0 1671.0
24
21811.0 7284.0 1448.0 1036.0 8504.0 2315.0 4742.0 2467.0
24
17187.0 11614.0 3908.0 1672.0 5009.0 6798.0 4417.0 3296.0
24
45167.0 21678.0 26636.0 12344.0 8764.0 9764.0 4739.0 3627.0
24
704262.0 114715.0 16765.0 27933.0 20091.0 5646.0 2538.0 3702.0
24
93809.0 23677.0 13773.0 9870.0 2632.0 896.0 666.0 587.0
24
500859.0 16925.0 2489.0 17802.0 14676.0 4572.0 4588.0 2730.0
24
72151.0 33551.0 21758.0 13458.0 9264.0 4629.0 830.0 3905.0
24
64770.0 50051.0 8160.0 9173.0 6461.0 5223.0 2900.0 3447.0
24
19334.0 33555.0 6606.0 13513.0 7965.0 5045.0 2524.0 1685.0
24
66435.0 67088.0 15688.0 5971.0 2677.0 7349.0 2995.0 1192.0
24
248766.0 15852.0 2242.0 5630.0 2968.0 841.0 1954.0 1189.0
24
11662.0 4435.0 3519.0 1214.0 833.0 5210.0 1988.0 1207.0
24
43061.0 33738.0 33476.0 19661.0 10899.0 2060.0 4001.0 4456.0
24
877223.0 39165.0 19414.0 5510.0 9261.0 18095.0 15552.0 12536.0
24
51110.0 50934.0 37668.0 10354.0 26709.0 17116.0 8610.0 4289.0
24
48464.0 6400.0 40240.0 7097.0 19056.0 13965.0 9585.0 5284.0
24
584243.0 17286.0 5693.0 1724.0 773.0 3360.0 1777.0 1503.0
24
29019.0 35117.0 23957.0 27883.0 11189.0 16280.0 14478.0 6064.0
24
1607075.0 37667.0 11982.0 28072.0 11002.0 17098.0 11267.0 4800.0
24
219596.0 19439.0 2560.0 7448.0 6704.0 5875.0 3537.0 1415.0
24
481125.0 19246.0 6784.0 20689.0 16918.0 18084.0 12044.0 9938.0
24
575873.0 171213.0 58162.0 48557.0 32125.0 23609.0 28495.0 15713.0
24
1484395.0 51183.0 39775.0 10204.0 14779.0 24297.0 16288.0 6032.0
24
366745.0 273734.0 41696.0 22355.0 17485.0 19203.0 25848.0 8208.0
24
257698.0 157432.0 75609.0 47635.0 21945.0 5383.0 13479.0 5809.0
24
437905.0 89974.0 29234.0 19860.0 8977.0 24289.0 19053.0 19084.0
24
75665.0 20871.0 20877.0 6499.0 9934.0 4803.0 2869.0 2696.0
24
384578.0 60976.0 18200.0 6985.0 8571.0 6106.0 5156.0 5367.0
24
53372.0 76461.0 21771.0 3278.0 4366.0 15068.0 15664.0 8307.0
24
152776.0 7235.0 2470.0 1633.0 495.0 1728.0 1193.0 1078.0
24
89767.0 23536.0 8246.0 4755.0 7474.0 3708.0 2940.0 3787.0
24
169441.0 6039.0 3991.0 9080.0 7234.0 2655.0 3354.0 6127.0
24
10261.0 12308.0 28525.0 24819.0 19555.0 17137.0 31674.0 6724.0
24
1881108.0 219495.0 4662.0 37240.0 17635.0 12275.0 14278.0 7587.0
24
573288.0 98737.0 8599.0 14615.0 15254.0 16029.0 18009.0 7863.0
24
128209.0 33872.0 7810.0 4423.0 1076.0 2257.0 3518.0 1908.0
24
34405.0 17822.0 14009.0 7510.0 11589.0 10903.0 9782.0 4378.0
24
105486.0 73316.0 11339.0 19012.0 10501.0 13609.0 6853.0 7066.0
24
272232.0 353154.0 6888.0 11842.0 35573.0 10405.0 33527.0 9252.0
24
79328.0 85183.0 18915.0 3891.0 2610.0 8886.0 3964.0 2886.0
24
377029.0 78418.0 12329.0 2249.0 21299.0 26211.0 8659.0 4327.0
24
154535.0 140616.0 77699.0 9626.0 9586.0 11923.0 22831.0 8183.0
24
62082.0 16557.0 6417.0 13912.0 12648.0 20544.0 26716.0 4119.0
24
276508.0 150729.0 91531.0 16547.0 39868.0 48879.0 34266.0 7027.0
24
7308.0 16681.0 6830.0 18431.0 5963.0 5148.0 6505.0 2969.0
24
135663.0 26251.0 9988.0 2092.0 1427.0 3031.0 904.0 802.0
24
218093.0 104326.0 25666.0 22619.0 5520.0 11166.0 8604.0 11429.0
24
197719.0 123442.0 30168.0 21682.0 33473.0 11461.0 9182.0 5396.0
24
19693.0 27907.0 28728.0 5037.0 16996.0 13134.0 3886.0 1360.0
24
243603.0 28834.0 4277.0 932.0 4398.0 7660.0 8790.0 1315.0
24
19803.0 24567.0 12820.0 5893.0 18592.0 9837.0 11192.0 6390.0
24
1197791.0 52226.0 26167.0 28252.0 11570.0 29076.0 21904.0 7281.0
24
1556116.0 387718.0 65955.0 22063.0 51432.0 17272.0 37676.0 6482.0
24
898831.0 163793.0 41803.0 43355.0 34433.0 15984.0 12233.0 13247.0
24
156148.0 27981.0 8555.0 1384.0 4180.0 4497.0 6855.0 2133.0
24
46023.0 16208.0 27342.0 34214.0 29388.0 16239.0 7028.0 4266.0
24
1358807.0 179287.0 11177.0 44940.0 14529.0 19014.0 11360.0 12535.0
24
550447.0 248240.0 11119.0 42048.0 35510.0 40428.0 40157.0 22154.0
24
131230.0 32721.0 11638.0 13081.0 7237.0 3495.0 1986.0 2393.0
24
71446.0 57885.0 20479.0 10987.0 15046.0 17356.0 10785.0 4713.0
24
10854.0 15966.0 955.0 12125.0 20909.0 11216.0 7649.0 7766.0
24
804779.0 32216.0 11053.0 18567.0 38194.0 13562.0 10245.0 12153.0
24
9808.0 70095.0 10762.0 17013.0 25077.0 16938.0 8027.0 13167.0
24
6000.0 18244.0 78462.0 16917.0 10085.0 9805.0 18706.0 5740.0
24
20792.0 42569.0 8767.0 30598.0 10924.0 9326.0 8111.0 5508.0
24
2266529.0 278499.0 266961.0 89684.0 309812.0 174567.0 204677.0 185845.0
24
1071469.0 87394.0 4586.0 28854.0 15929.0 53835.0 38193.0 14287.0
24
848175.0 114000.0 5057.0 28783.0 3129.0 22604.0 16422.0 5353.0
24
187449.0 72459.0 59834.0 25489.0 12706.0 22514.0 32309.0 7544.0
24
33361.0 15220.0 20011.0 12237.0 24942.0 12984.0 2638.0 1198.0
24
1011436.0 164455.0 37935.0 94643.0 13416.0 38884.0 42502.0 39412.0
24
697351.0 44184.0 22503.0 3974.0 7838.0 17730.0 18513.0 8271.0
24
39239.0 16631.0 6282.0 14819.0 25168.0 19714.0 12355.0 6108.0
24
67122.0 58039.0 7345.0 29862.0 9451.0 19289.0 8200.0 3175.0
24
2279.0 13947.0 4077.0 6781.0 6016.0 7504.0 6505.0 5949.0
24
68736.0 3731.0 2427.0 1204.0 2178.0 6679.0 4750.0 2926.0
24
194822.0 13111.0 20795.0 3092.0 3132.0 3086.0 5696.0 2028.0
24
10396.0 20586.0 17505.0 17972.0 23718.0 19361.0 5003.0 6630.0
24
488246.0 234305.0 30905.0 26699.0 42735.0 23091.0 25362.0 13980.0
24
188971.0 30763.0 11806.0 2701.0 7504.0 2624.0 2795.0 2193.0
24
261872.0 277744.0 31055.0 14698.0 29778.0 17583.0 11269.0 5907.0
24
218923.0 36966.0 32487.0 8759.0 10667.0 27853.0 10797.0 4606.0
24
6897.0 13984.0 22120.0 9039.0 17741.0 8330.0 8564.0 1898.0
24
203285.0 33842.0 24794.0 4941.0 7885.0 9318.0 5587.0 1483.0
24
537600.0 95900.0 1717.0 16014.0 17623.0 13499.0 7632.0 4860.0
24
993223.0 603581.0 62457.0 27491.0 107399.0 98701.0 37264.0 9626.0
25
5803.0 2916.0 2106.0 952.0 7650.0 6385.0 2517.0 2215.0
25
14648.0 15636.0 2032.0 4707.0 4162.0 7520.0 6375.0 2200.0
25
18882.0 7474.0 7861.0 7731.0 24987.0 27294.0 14749.0 10010.0
25
79613.0 49750.0 11201.0 17404.0 18252.0 11086.0 20322.0 11492.0
25
22592.0 21616.0 5303.0 17278.0 12144.0 11694.0 3744.0 1458.0
25
14435.0 23273.0 23888.0 7185.0 4326.0 6044.0 5686.0 2777.0
25
807119.0 151668.0 4536.0 22557.0 11087.0 4878.0 2416.0 1919.0
25
1081772.0 21576.0 841.0 8386.0 5393.0 2080.0 1776.0 3465.0
25
14550.0 10647.0 23291.0 9240.0 7786.0 2328.0 1922.0 1515.0
25
1085356.0 75410.0 7004.0 21419.0 5503.0 9818.0 3265.0 10262.0
25
514906.0 83851.0 72403.0 41514.0 20018.0 10907.0 11278.0 5505.0
25
62561.0 38174.0 16435.0 35322.0 15038.0 16600.0 4032.0 1869.0
25
293080.0 19284.0 26725.0 13333.0 14720.0 8655.0 4558.0 2684.0
25
36706.0 33005.0 7238.0 17575.0 13074.0 8322.0 4357.0 4111.0
25
2637.0 17732.0 8749.0 22179.0 6865.0 6982.0 1434.0 3093.0
25
1204100.0 22196.0 1716.0 5137.0 1188.0 1240.0 473.0 401.0
25
21407.0 22925.0 40250.0 4399.0 17858.0 14977.0 1571.0 1306.0
25
89026.0 31770.0 10125.0 5835.0 14911.0 7459.0 12872.0 4949.0
25
41134.0 37481.0 15624.0 15372.0 16660.0 22426.0 5002.0 5210.0
25
40414.0 32330.0 19156.0 8816.0 11571.0 19324.0 27708.0 13894.0
25
9294.0 18895.0 5080.0 13013.0 4820.0 13482.0 8212.0 15242.0
25
314376.0 242592.0 12541.0 25138.0 21479.0 30161.0 34864.0 5194.0
25
198669.0 10563.0 8221.0 988.0 5233.0 8474.0 4277.0 5415.0
25
2869.0 5502.0 6941.0 2142.0 1341.0 2187.0 1565.0 1801.0
25
19594.0 9769.0 5226.0 3015.0 5083.0 3898.0 2687.0 3696.0
25
5066.0 7515.0 8221.0 4072.0 2392.0 3352.0 2784.0 1797.0
25
39129.0 64266.0 7196.0 4611.0 7848.0 4854.0 2895.0 1632.0
25
626013.0 339529.0 18487.0 39597.0 44711.0 6255.0 7210.0 3616.0
25
21543.0 25602.0 11168.0 7774.0 23301.0 7507.0 7573.0 9861.0
25
1684926.0 224862.0 24386.0 56813.0 31832.0 16138.0 15820.0 7072.0
25
56567.0 19618.0 11430.0 16494.0 11228.0 8817.0 3710.0 2415.0
25
92198.0 8533.0 5434.0 4822.0 1498.0 1523.0 948.0 807.0
25
36922.0 24118.0 10443.0 20981.0 6321.0 6118.0 3130.0 1303.0
25
65564.0 33100.0 7771.0 21490.0 9438.0 5996.0 4839.0 2658.0
25
4214.0 3215.0 1208.0 11938.0 11761.0 4300.0 2724.0 3195.0
25
53748.0 40104.0 17020.0 12444.0 4497.0 6301.0 7979.0 3278.0
25
11166.0 10892.0 22764.0 10815.0 7578.0 3141.0 1352.0 3051.0
25
52598.0 96987.0 4386.0 17204.0 11811.0 4118.0 2190.0 1909.0
25
748942.0 257204.0 48473.0 42013.0 12879.0 11523.0 14947.0 5805.0
25
16815.0 11807.0 14102.0 26397.0 12325.0 6215.0 1627.0 4576.0
25
44840.0 42104.0 15503.0 23885.0 20015.0 17364.0 12200.0 8555.0
25
318215.0 35470.0 4063.0 20593.0 21824.0 12382.0 6888.0 3662.0
25
532785.0 91203.0 19096.0 6322.0 7504.0 9918.0 6651.0 7447.0
25
238767.0 13144.0 6808.0 4538.0 7998.0 4716.0 2811.0 2651.0
25
108541.0 9728.0 3462.0 2407.0 3623.0 2757.0 3907.0 3588.0
25
66522.0 38141.0 2194.0 2952.0 5684.0 9497.0 5088.0 2436.0
25
89402.0 72764.0 12540.0 69137.0 18276.0 30582.0 24500.0 5787.0
25
630593.0 13192.0 10025.0 4882.0 1911.0 2397.0 2302.0 4482.0
25
679304.0 48972.0 20762.0 9782.0 9809.0 9342.0 2915.0 2628.0
25
19536.0 14079.0 1134.0 2797.0 9490.0 1839.0 1550.0 1087.0
25
24363.0 10548.0 23390.0 30575.0 5772.0 18102.0 4361.0 3332.0
25
12785.0 22979.0 16998.0 20669.0 10837.0 15739.0 3339.0 2416.0
25
8494.0 12772.0 14230.0 9789.0 18707.0 7939.0 3717.0 2528.0
25
127888.0 75300.0 26945.0 39354.0 19266.0 22396.0 8545.0 4341.0
25
344232.0 213169.0 21318.0 24213.0 11380.0 16961.0 16926.0 6653.0
25
107291.0 8643.0 3598.0 4762.0 2237.0 1526.0 821.0 318.0
25
19297.0 21510.0 5307.0 7104.0 6128.0 7867.0 3247.0 7483.0
25
11134.0 11934.0 4994.0 12691.0 10657.0 9852.0 3434.0 2721.0
25
22523.0 17970.0 37437.0 7039.0 20165.0 11359.0 6950.0 3154.0
25
35099.0 12575.0 1304.0 9016.0 9491.0 7476.0 3579.0 5182.0
25
9597.0 11476.0 7068.0 10651.0 9385.0 12581.0 3652.0 5395.0
25
22041.0 49588.0 41691.0 18857.0 8843.0 12600.0 8202.0 2239.0
25
5838.0 18005.0 4997.0 4249.0 12028.0 7816.0 1898.0 5460.0
25
7951.0 37481.0 7512.0 9749.0 8790.0 14869.0 3567.0 4006.0
25
83245.0 26653.0 19500.0 6447.0 4310.0 3219.0 2025.0 1476.0
25
16101.0 25927.0 25340.0 10450.0 14475.0 15933.0 2743.0 919.0
25
12871.0 11474.0 28197.0 13598.0 23546.0 13371.0 3266.0 1326.0
25
86545.0 11138.0 1677.0 1617.0 5767.0 7008.0 754.0 581.0
25
51901.0 20562.0 5948.0 21548.0 4790.0 16545.0 6861.0 1355.0
25
238603.0 26816.0 13708.0 9087.0 1963.0 3295.0 1227.0 574.0
25
25975.0 27034.0 24686.0 16471.0 16420.0 10087.0 6785.0 3500.0
25
171989.0 162492.0 23505.0 11922.0 22802.0 21912.0 5976.0 6006.0
25
38436.0 129478.0 23067.0 8056.0 17898.0 11411.0 4906.0 4442.0
25
75635.0 46271.0 34635.0 12883.0 13281.0 8347.0 2429.0 3364.0
25
152049.0 19360.0 46048.0 16854.0 35935.0 28053.0 34177.0 4170.0
25
13586.0 6502.0 6374.0 3815.0 9677.0 5763.0 2011.0 3869.0
25
30885.0 47155.0 11685.0 20713.0 5539.0 7528.0 972.0 2390.0
25
17909.0 11326.0 5096.0 4490.0 1236.0 4947.0 3937.0 1583.0
25
81559.0 8101.0 9727.0 8822.0 9029.0 4933.0 5877.0 3063.0
25
40059.0 6556.0 16509.0 5054.0 16307.0 3920.0 5284.0 1290.0
25
51985.0 10858.0 14247.0 8682.0 16224.0 12453.0 5642.0 5933.0
25
131199.0 66992.0 19273.0 27986.0 25405.0 20331.0 9923.0 6733.0
25
268288.0 173077.0 15272.0 9562.0 22368.0 24967.0 11475.0 9001.0
25
14340.0 13919.0 13849.0 6494.0 11567.0 18321.0 2025.0 2425.0
25
14697.0 14319.0 7583.0 12547.0 8092.0 7488.0 2936.0 2883.0
25
92021.0 15241.0 627.0 2481.0 2521.0 7090.0 1674.0 1930.0
25
76613.0 120865.0 64580.0 28806.0 19299.0 11172.0 5655.0 3095.0
25
10081.0 44830.0 12269.0 7800.0 2891.0 6948.0 2406.0 1116.0
25
14649.0 14928.0 6754.0 5222.0 8103.0 6415.0 1888.0 5950.0
25
15074.0 45898.0 3924.0 17401.0 10920.0 5353.0 4321.0 2785.0
25
46911.0 41152.0 7634.0 10723.0 9613.0 15803.0 7293.0 1465.0
25
4727.0 20587.0 8573.0 14641.0 7258.0 7913.0 1420.0 1071.0
25
421055.0 27542.0 10951.0 8299.0 5046.0 3623.0 1845.0 2263.0
25
9340.0 20635.0 2848.0 10579.0 5122.0 9254.0 2197.0 1457.0
25
2826.0 105615.0 16620.0 7112.0 7557.0 15732.0 3556.0 3456.0
25
725558.0 95207.0 3857.0 4431.0 669.0 3341.0 1959.0 614.0
25
19533.0 54869.0 10112.0 6131.0 5622.0 4936.0 751.0 1369.0
25
965128.0 28567.0 15746.0 2342.0 2410.0 3327.0 7313.0 2370.0
25
9326.0 34840.0 2137.0 4995.0 3223.0 8514.0 2171.0 1930.0
25
4381.0 11365.0 3033.0 3917.0 7151.0 6647.0 3069.0 1596.0
25
12438.0 52394.0 9737.0 5122.0 4744.0 6731.0 2307.0 2219.0
25
134776.0 50780.0 5923.0 13756.0 12630.0 7749.0 2327.0 2081.0
25
9596.0 22524.0 15941.0 7121.0 6125.0 7741.0 3740.0 986.0
25
105846.0 49394.0 9536.0 9776.0 3841.0 5601.0 2601.0 1107.0
25
27833.0 24197.0 24490.0 15845.0 11011.0 11286.0 2265.0 1935.0
25
20899.0 17287.0 17388.0 6817.0 14112.0 14618.0 3233.0 4196.0
25
285627.0 9888.0 2507.0 4388.0 1877.0 1290.0 784.0 219.0
25
20950.0 51026.0 16291.0 13855.0 12805.0 6764.0 2795.0 1287.0
25
10509.0 8188.0 3305.0 7481.0 8595.0 10980.0 3412.0 4140.0
25
280351.0 87680.0 2607.0 19236.0 9615.0 5545.0 2737.0 1625.0
25
11994.0 10683.0 29814.0 6116.0 8974.0 6947.0 2200.0 728.0
25
573877.0 92826.0 16524.0 14333.0 18602.0 12051.0 5710.0 2686.0
25
12259.0 12884.0 5722.0 9198.0 7771.0 5050.0 1678.0 1670.0
25
793026.0 82007.0 15459.0 41818.0 32300.0 17445.0 11149.0 2993.0
25
4228.0 7035.0 18047.0 4766.0 19440.0 9967.0 4775.0 1362.0
25
10631.0 33746.0 35765.0 17590.0 13654.0 14799.0 6551.0 1802.0
25
12196.0 8291.0 11434.0 10372.0 7325.0 6676.0 2392.0 3049.0
25
13750.0 29726.0 3939.0 6586.0 6771.0 5567.0 3390.0 713.0
25
26871.0 9757.0 6289.0 4917.0 7201.0 11006.0 1809.0 2193.0
25
784797.0 313572.0 37211.0 15092.0 4393.0 13390.0 7039.0 10870.0
25
183161.0 62831.0 7649.0 9980.0 5196.0 9060.0 2664.0 1170.0
25
64738.0 10555.0 5807.0 19468.0 3826.0 3405.0 1096.0 406.0
25
3076.0 22883.0 37240.0 5364.0 13178.0 11405.0 2177.0 3772.0
25
10919.0 25561.0 3594.0 5014.0 10427.0 4716.0 2773.0 2608.0
25
22470.0 27897.0 14011.0 30113.0 36657.0 16950.0 3620.0 1449.0
25
89637.0 18830.0 6416.0 7147.0 5094.0 24448.0 5532.0 1413.0
25
178373.0 66750.0 42668.0 17294.0 15148.0 6163.0 4659.0 3639.0
25
74659.0 47184.0 11255.0 7219.0 13295.0 8157.0 7173.0 3382.0
25
607129.0 683875.0 34920.0 49979.0 10426.0 25651.0 13267.0 14913.0
25
49890.0 64661.0 23983.0 15670.0 8487.0 5810.0 2874.0 1428.0
25
9346.0 40296.0 25540.0 7503.0 9845.0 10983.0 3994.0 3804.0
25
341947.0 54391.0 11366.0 1688.0 8682.0 3296.0 2713.0 933.0
25
29750.0 13110.0 15397.0 9407.0 9459.0 8372.0 2060.0 1757.0
25
18227.0 13572.0 15340.0 13033.0 6250.0 6821.0 2279.0 5901.0
25
92279.0 23091.0 13740.0 29053.0 11124.0 18636.0 3698.0 2201.0
25
624516.0 50246.0 114112.0 30647.0 8472.0 6600.0 4194.0 1023.0
25
9028.0 27640.0 12804.0 11075.0 16529.0 11233.0 4889.0 2931.0
25
11044.0 31632.0 9287.0 17543.0 12482.0 6279.0 4265.0 1973.0
25
100620.0 11073.0 4200.0 2481.0 1420.0 1669.0 816.0 685.0
25
202843.0 51328.0 7659.0 9940.0 10291.0 8064.0 1593.0 3028.0
25
72505.0 26010.0 6669.0 2393.0 1599.0 3805.0 1189.0 940.0
25
386624.0 88767.0 10262.0 13811.0 12356.0 9445.0 3881.0 2000.0
25
24485.0 13585.0 15772.0 14099.0 11982.0 9696.0 3290.0 2157.0
25
28592.0 9689.0 5232.0 20389.0 2921.0 10902.0 2424.0 4899.0
25
20526.0 64578.0 12543.0 19135.0 22370.0 11903.0 3279.0 2025.0
25
79643.0 125073.0 14586.0 2820.0 11786.0 7086.0 4964.0 4250.0
25
2117.0 26030.0 17660.0 6668.0 3002.0 7913.0 1570.0 1046.0
25
5904.0 17683.0 10679.0 6298.0 13699.0 8493.0 1392.0 1333.0
25
14365.0 7656.0 5029.0 5122.0 1958.0 6505.0 1818.0 6277.0
25
12440.0 5134.0 17534.0 8498.0 4733.0 4572.0 1847.0 1691.0
25
9668.0 11898.0 2524.0 2580.0 787.0 1060.0 195.0 300.0
25
9190.0 23528.0 6850.0 8220.0 5751.0 8731.0 3247.0 3678.0
25
98306.0 42268.0 16911.0 23443.0 15877.0 19332.0 7435.0 3637.0
25
1064657.0 98829.0 39668.0 161607.0 7177.0 13858.0 5425.0 2489.0
25
69522.0 41800.0 17430.0 3321.0 2707.0 7462.0 3910.0 4031.0
25
70707.0 27470.0 10084.0 4903.0 7631.0 6833.0 7084.0 7619.0
25
3275.0 45607.0 19617.0 7271.0 12717.0 7836.0 5503.0 7029.0
25
201873.0 30700.0 34446.0 7822.0 7969.0 12856.0 7482.0 12874.0
25
7783.0 132125.0 9639.0 10674.0 9988.0 7317.0 3650.0 1400.0
25
161576.0 113114.0 8573.0 18211.0 6380.0 7617.0 2388.0 4676.0
25
9005.0 42299.0 7174.0 3091.0 4116.0 4584.0 7473.0 2399.0
25
8395.0 16516.0 18862.0 10792.0 18397.0 14830.0 2969.0 3879.0
25
7315.0 12864.0 16051.0 4925.0 13593.0 4415.0 2501.0 6427.0
25
6843.0 18097.0 4448.0 6207.0 3868.0 10551.0 6393.0 2363.0
25
7353.0 30484.0 8522.0 20389.0 12372.0 8287.0 15524.0 5944.0
25
23715.0 22530.0 18828.0 5793.0 44412.0 15411.0 5201.0 7758.0
25
42763.0 5352.0 8622.0 6336.0 4867.0 17348.0 3242.0 4307.0
25
43255.0 8739.0 9770.0 13068.0 21794.0 9464.0 5172.0 3248.0
25
20267.0 97769.0 104145.0 37567.0 24041.0 12117.0 7964.0 4913.0
25
212646.0 78821.0 14408.0 6761.0 13310.0 12849.0 5698.0 2578.0
25
22952.0 23555.0 8476.0 6531.0 14467.0 3333.0 5897.0 2637.0
25
81720.0 50037.0 6938.0 3360.0 3037.0 7099.0 2956.0 1295.0
25
85645.0 16664.0 53133.0 6605.0 9410.0 5464.0 2546.0 2787.0
25
14827.0 20635.0 24001.0 6528.0 3574.0 8026.0 2142.0 1770.0
25
767825.0 88216.0 52461.0 95407.0 13796.0 12057.0 4666.0 5789.0
25
464362.0 52173.0 9773.0 4952.0 6109.0 8619.0 2124.0 2807.0
25
14851.0 12551.0 2490.0 1838.0 3775.0 2375.0 2148.0 2766.0
25
134704.0 56642.0 8025.0 19604.0 19953.0 7958.0 5768.0 7036.0
25
46025.0 25475.0 8302.0 5064.0 15606.0 8435.0 4863.0 2673.0
25
62026.0 89494.0 44214.0 26208.0 7022.0 2644.0 2366.0 2162.0
25
22018.0 57155.0 7805.0 15585.0 7823.0 6524.0 3757.0 3090.0
25
42404.0 27061.0 9760.0 19982.0 10106.0 5202.0 2056.0 1718.0
25
118679.0 41906.0 50594.0 15422.0 14360.0 7050.0 2762.0 1829.0
25
102380.0 161052.0 33761.0 27556.0 44458.0 10622.0 3617.0 5330.0
25
16093.0 26264.0 17403.0 15576.0 5513.0 5686.0 5919.0 2168.0
25
173536.0 77818.0 18828.0 11064.0 16011.0 15730.0 9575.0 23330.0
25
364978.0 75631.0 11460.0 11511.0 11035.0 9906.0 8001.0 4386.0
25
20712.0 10881.0 4858.0 5657.0 8397.0 2595.0 1578.0 1206.0
25
475425.0 14448.0 16141.0 18956.0 4697.0 11340.0 4059.0 5215.0
25
252764.0 11140.0 2950.0 7218.0 2443.0 4700.0 1504.0 1476.0
25
875237.0 41590.0 11925.0 6817.0 4768.0 7490.0 1955.0 1705.0
25
679169.0 29506.0 2701.0 8262.0 4912.0 4486.0 2377.0 1615.0
25
4351.0 5559.0 16763.0 12847.0 31758.0 21143.0 19826.0 24740.0
25
254372.0 89448.0 87595.0 190012.0 22383.0 27195.0 40648.0 13445.0
25
391244.0 37523.0 43550.0 8056.0 30708.0 10014.0 14933.0 3463.0
25
644044.0 94778.0 51429.0 24768.0 20674.0 8208.0 9463.0 7732.0
25
534145.0 61673.0 31584.0 6294.0 24385.0 31619.0 16329.0 3280.0
25
17711.0 20444.0 10040.0 5950.0 9306.0 18102.0 9996.0 5549.0
25
83615.0 151156.0 52909.0 27339.0 11205.0 28055.0 3914.0 7293.0
25
144300.0 22285.0 5078.0 3152.0 5232.0 3212.0 3068.0 517.0
25
130648.0 39541.0 20243.0 9111.0 4717.0 14356.0 6370.0 4647.0
25
732328.0 36749.0 16309.0 11263.0 22269.0 15589.0 16878.0 5158.0
25
976646.0 149059.0 52548.0 46877.0 11047.0 31820.0 19685.0 22925.0
25
406416.0 208001.0 61374.0 14316.0 9737.0 13786.0 28468.0 3377.0
25
1223205.0 278957.0 40721.0 34384.0 63578.0 39824.0 22368.0 13394.0
25
355825.0 100284.0 7926.0 6579.0 24495.0 7922.0 16918.0 9873.0
25
381493.0 48793.0 10060.0 14951.0 22744.0 15176.0 11536.0 7772.0
25
525847.0 77911.0 17367.0 23029.0 22439.0 19660.0 12329.0 8084.0
25
333269.0 157262.0 6159.0 11703.0 5807.0 7034.0 11840.0 2700.0
25
186735.0 63316.0 8920.0 29311.0 21910.0 12760.0 24186.0 3341.0
25
181046.0 325456.0 20529.0 13902.0 6114.0 15028.0 8158.0 7880.0
25
57883.0 18480.0 6730.0 22318.0 8923.0 11140.0 13890.0 5927.0
25
749185.0 67578.0 10077.0 24480.0 2966.0 6278.0 4311.0 2527.0
25
200184.0 59444.0 31591.0 20030.0 27545.0 16223.0 16179.0 8056.0
25
44531.0 33528.0 21600.0 14324.0 7582.0 8098.0 20489.0 16876.0
25
1290423.0 564115.0 84350.0 70511.0 67059.0 59470.0 48974.0 27659.0
25
100981.0 145019.0 6572.0 12014.0 22906.0 15229.0 12005.0 6259.0
25
22945.0 15662.0 13863.0 6030.0 13594.0 13680.0 8375.0 5260.0
25
1071869.0 36498.0 21900.0 9374.0 11008.0 26141.0 17082.0 10208.0
25
63812.0 38115.0 29683.0 12707.0 18511.0 12847.0 18104.0 8186.0
25
45064.0 36300.0 22689.0 7419.0 17749.0 16188.0 12330.0 4066.0
25
53165.0 64697.0 56525.0 22168.0 13137.0 12761.0 12258.0 9333.0
25
73296.0 15819.0 5878.0 1900.0 8727.0 6349.0 3336.0 2478.0
25
549710.0 25392.0 18936.0 10501.0 2432.0 5561.0 4059.0 1572.0
25
106528.0 34919.0 30979.0 7456.0 16453.0 24071.0 11014.0 5073.0
25
74775.0 13577.0 9609.0 162.0 3470.0 3993.0 695.0 752.0
25
116154.0 59462.0 21753.0 18417.0 26049.0 20647.0 8371.0 3361.0
25
10054.0 25477.0 8329.0 1743.0 8196.0 11392.0 15636.0 2184.0
25
208404.0 129269.0 30173.0 7711.0 11446.0 29518.0 18846.0 3944.0
25
131720.0 117714.0 51373.0 8331.0 24026.0 12991.0 6720.0 2429.0
25
21769.0 45413.0 59410.0 26069.0 7134.0 25164.0 11324.0 6303.0
25
464400.0 98344.0 35396.0 18607.0 40872.0 26050.0 10270.0 4843.0
25
208416.0 7567.0 21816.0 15112.0 4575.0 3746.0 2469.0 1168.0
25
229205.0 248087.0 33470.0 52800.0 16577.0 17744.0 25685.0 5572.0
25
132444.0 28193.0 2444.0 5305.0 4421.0 4023.0 3257.0 1801.0
25
45143.0 23292.0 23826.0 18284.0 30992.0 14321.0 14410.0 5727.0
25
699440.0 161074.0 38333.0 4225.0 9559.0 48668.0 23392.0 31751.0
25
205074.0 11413.0 992.0 1623.0 1615.0 2307.0 2103.0 4089.0
25
90095.0 28948.0 12625.0 29705.0 8479.0 16374.0 7447.0 6853.0
25
201228.0 83090.0 106777.0 3867.0 14053.0 25993.0 33683.0 7405.0
25
127893.0 67471.0 67707.0 35113.0 22118.0 23510.0 8385.0 3928.0
25
15641.0 43544.0 26084.0 20142.0 45381.0 19877.0 5604.0 12310.0
25
73758.0 68744.0 1235.0 10283.0 29364.0 17702.0 7614.0 4594.0
25
565687.0 116825.0 33937.0 14148.0 13520.0 13749.0 17292.0 13084.0
25
92741.0 63836.0 8528.0 8064.0 10485.0 24947.0 15200.0 3593.0
25
69626.0 13226.0 8075.0 21604.0 3438.0 3445.0 5481.0 3591.0
25
102912.0 40561.0 3193.0 7706.0 3520.0 4529.0 4315.0 2410.0
25
494674.0 52416.0 3998.0 2905.0 6232.0 17031.0 14663.0 9724.0
25
187502.0 86950.0 95293.0 29033.0 11791.0 26246.0 26954.0 19594.0
25
63539.0 166565.0 59442.0 34511.0 20484.0 24769.0 26104.0 10199.0
25
581559.0 156747.0 62804.0 28313.0 10228.0 10073.0 4382.0 6176.0
25
203307.0 101246.0 13911.0 4798.0 8155.0 6077.0 1104.0 1669.0
25
250305.0 60879.0 10541.0 5388.0 2651.0 1826.0 1312.0 1212.0
25
85715.0 57206.0 19737.0 13338.0 18112.0 13290.0 9662.0 6056.0
25
119752.0 25961.0 21100.0 9259.0 3725.0 8260.0 15208.0 6037.0
25
26261.0 22879.0 3220.0 18130.0 16465.0 14275.0 12877.0 6370.0
25
50244.0 21204.0 13536.0 10598.0 3772.0 17281.0 6153.0 5438.0
25
50831.0 30649.0 5095.0 15165.0 7897.0 24006.0 5562.0 6465.0
25
207075.0 26625.0 18760.0 2674.0 3937.0 3579.0 3586.0 3459.0
25
112827.0 88793.0 25217.0 12068.0 12428.0 17911.0 7024.0 7685.0
25
834921.0 400830.0 33733.0 60059.0 36475.0 37413.0 8387.0 3652.0
25
50674.0 23676.0 12853.0 5177.0 21359.0 16691.0 10317.0 10688.0
25
1397984.0 184169.0 90624.0 19926.0 20864.0 22427.0 7049.0 12848.0
25
76263.0 35631.0 30675.0 31388.0 3691.0 9125.0 9385.0 5535.0
25
112929.0 19146.0 30520.0 3896.0 17303.0 16094.0 10560.0 5291.0
25
29536.0 40445.0 15776.0 9034.0 26472.0 11244.0 5889.0 7764.0
25
196417.0 39970.0 2508.0 5567.0 3313.0 2075.0 890.0 225.0
25
131926.0 7170.0 3095.0 6343.0 8856.0 3978.0 3368.0 4710.0
25
246254.0 21013.0 7790.0 17936.0 8073.0 9344.0 3414.0 3625.0
26
15781.0 29076.0 36882.0 16639.0 14832.0 27859.0 4298.0 6536.0
26
5000.0 4319.0 4978.0 8621.0 5274.0 5168.0 5101.0 1335.0
26
2957.0 70232.0 22313.0 34174.0 6120.0 9594.0 4831.0 2794.0
26
243712.0 44832.0 6967.0 3597.0 3576.0 6763.0 7358.0 1343.0
26
6358.0 24289.0 4453.0 8956.0 8308.0 4320.0 3685.0 1097.0
26
38597.0 13716.0 13691.0 13131.0 7608.0 6855.0 1700.0 2483.0
26
1084620.0 32661.0 18555.0 5956.0 8194.0 5824.0 1997.0 547.0
26
94233.0 60675.0 14868.0 24183.0 8207.0 5396.0 2623.0 1600.0
26
36642.0 31401.0 5498.0 16638.0 6478.0 6896.0 4335.0 1604.0
26
4354.0 54424.0 7531.0 6580.0 14304.0 4565.0 2513.0 2303.0
26
15000.0 22684.0 49470.0 7046.0 21741.0 10216.0 5307.0 5443.0
26
8924.0 36186.0 29483.0 9410.0 8878.0 12116.0 2597.0 989.0
26
11899.0 21656.0 18212.0 8909.0 14018.0 10930.0 2668.0 1277.0
26
6980.0 54818.0 7100.0 13670.0 4621.0 12606.0 1642.0 1482.0
26
474027.0 249066.0 52563.0 13286.0 30340.0 16696.0 11450.0 2997.0
26
470894.0 30049.0 9431.0 20149.0 19867.0 13210.0 3793.0 2495.0
26
46239.0 231806.0 37506.0 35561.0 6632.0 18453.0 11129.0 2826.0
26
36368.0 21545.0 7544.0 17907.0 2999.0 6081.0 3067.0 5796.0
26
13031.0 22504.0 3632.0 7955.0 6884.0 10342.0 5611.0 7708.0
26
837308.0 254557.0 10847.0 15055.0 7781.0 18008.0 15899.0 18036.0
26
9939.0 9980.0 4248.0 3269.0 9959.0 38242.0 14458.0 13622.0
26
169183.0 21552.0 15300.0 9184.0 6578.0 7362.0 16580.0 9633.0
26
24446.0 6580.0 9439.0 9870.0 9199.0 15929.0 22929.0 13560.0
26
375621.0 81292.0 36385.0 17229.0 6978.0 9710.0 3851.0 2684.0
26
44153.0 144822.0 33718.0 23915.0 13916.0 6420.0 9270.0 3935.0
26
1615683.0 364112.0 112461.0 42227.0 21235.0 18893.0 9014.0 22244.0
26
17376.0 35702.0 17375.0 9240.0 2700.0 4598.0 3559.0 1137.0
26
23494.0 15902.0 5706.0 11164.0 13578.0 4708.0 7597.0 3614.0
26
23519.0 9204.0 12078.0 5004.0 18052.0 8218.0 8253.0 2650.0
26
806875.0 101180.0 18956.0 8695.0 10745.0 3600.0 3176.0 4194.0
26
857430.0 121578.0 13022.0 17591.0 8579.0 9020.0 5145.0 1964.0
26
5907.0 7975.0 5253.0 7589.0 10749.0 8547.0 6217.0 3427.0
26
91776.0 51040.0 26168.0 2498.0 8487.0 4291.0 3221.0 852.0
26
10291.0 22006.0 11661.0 24696.0 7467.0 8692.0 4851.0 2586.0
26
4671.0 15927.0 11812.0 10814.0 4131.0 2381.0 1851.0 2100.0
26
13002.0 11989.0 3753.0 3478.0 10114.0 4905.0 3487.0 7132.0
26
20329.0 18616.0 5265.0 15203.0 1949.0 4022.0 1641.0 1758.0
26
933842.0 258552.0 32382.0 25767.0 19258.0 9350.0 2985.0 7820.0
26
30429.0 14487.0 11771.0 6368.0 13389.0 5842.0 8903.0 8665.0
26
48120.0 14066.0 13622.0 5511.0 6237.0 9761.0 2970.0 5231.0
26
59563.0 35951.0 50917.0 8666.0 13618.0 9454.0 12325.0 3731.0
26
646834.0 21197.0 6149.0 3238.0 9051.0 6216.0 2361.0 3760.0
26
1288711.0 559921.0 89698.0 100137.0 228059.0 77595.0 143464.0 47198.0
26
642201.0 540932.0 23786.0 53820.0 37991.0 16923.0 118840.0 19778.0
26
115300.0 120402.0 26820.0 16463.0 18791.0 13768.0 28804.0 10044.0
26
66490.0 45463.0 6432.0 4697.0 10774.0 3978.0 4475.0 5525.0
26
439486.0 175836.0 55175.0 20513.0 11214.0 19869.0 28223.0 12997.0
26
147627.0 44014.0 21034.0 45947.0 43947.0 30368.0 20200.0 20316.0
26
218216.0 35357.0 12908.0 14620.0 37299.0 21803.0 8186.0 6149.0
26
15771.0 10939.0 5495.0 4144.0 5270.0 8798.0 6499.0 3012.0
26
5786.0 22692.0 13736.0 11360.0 12272.0 8183.0 4003.0 3682.0
26
9654.0 16169.0 18018.0 3064.0 8048.0 5869.0 2934.0 2613.0
26
5312.0 33221.0 1904.0 5925.0 8156.0 6714.0 4048.0 1889.0
26
48977.0 29910.0 6044.0 21829.0 9224.0 6680.0 2183.0 3283.0
26
3622.0 18005.0 4428.0 12001.0 2264.0 6932.0 4775.0 2601.0
26
2506.0 19543.0 10827.0 13636.0 12333.0 7924.0 1663.0 5176.0
26
178733.0 54503.0 14089.0 17490.0 23662.0 12053.0 4840.0 3201.0
26
11160.0 76756.0 29664.0 24210.0 17033.0 13032.0 8433.0 2127.0
26
56452.0 8744.0 987.0 2785.0 3535.0 1563.0 1001.0 967.0
26
13736.0 24078.0 12700.0 7272.0 10144.0 12719.0 6104.0 6151.0
26
1648.0 5752.0 3282.0 4480.0 11495.0 6354.0 1404.0 2731.0
26
31050.0 98335.0 14480.0 11675.0 7480.0 10888.0 8380.0 9155.0
26
235724.0 18393.0 3471.0 1637.0 3894.0 3860.0 1905.0 3339.0
26
553300.0 92905.0 69947.0 29999.0 43431.0 12136.0 13255.0 11605.0
26
2748.0 13258.0 6905.0 4778.0 5747.0 5817.0 4902.0 4536.0
26
80099.0 58850.0 19860.0 30911.0 42118.0 25574.0 6110.0 2747.0
26
11954.0 48358.0 6409.0 11796.0 2618.0 4790.0 6177.0 4207.0
26
1385770.0 707497.0 86270.0 36019.0 68446.0 46461.0 27472.0 11109.0
26
359574.0 93409.0 20175.0 18945.0 6195.0 10472.0 11373.0 1555.0
26
434760.0 198015.0 101533.0 100554.0 41953.0 74019.0 16937.0 6789.0
26
1028833.0 223164.0 22099.0 6827.0 14890.0 41821.0 18468.0 5467.0
26
106978.0 14662.0 42630.0 9089.0 9304.0 9235.0 15576.0 7861.0
26
14364.0 41515.0 17939.0 7785.0 10071.0 8217.0 10812.0 6001.0
26
64727.0 69704.0 6161.0 13886.0 38799.0 12015.0 3087.0 4113.0
26
44755.0 29249.0 15297.0 8913.0 5086.0 7680.0 7813.0 3331.0
26
597114.0 72584.0 15455.0 15896.0 11310.0 12172.0 2961.0 2446.0
26
17194.0 23962.0 13187.0 23023.0 12984.0 7525.0 1698.0 1707.0
26
6610.0 5877.0 5276.0 7719.0 6895.0 5470.0 4816.0 2254.0
26
70885.0 59438.0 16574.0 11125.0 10037.0 7806.0 3511.0 1230.0
26
117164.0 66688.0 44046.0 10795.0 17618.0 7499.0 5925.0 7607.0
26
55669.0 23874.0 2375.0 9263.0 5691.0 3746.0 1441.0 2329.0
26
440059.0 116517.0 8206.0 82138.0 16706.0 17492.0 10005.0 10078.0
26
342597.0 13026.0 10644.0 6601.0 6363.0 17911.0 8730.0 5233.0
26
83566.0 23230.0 5553.0 4140.0 7116.0 5217.0 1522.0 1104.0
26
5103.0 14373.0 1787.0 4369.0 12433.0 23381.0 3882.0 8220.0
26
394235.0 265416.0 20700.0 7143.0 15281.0 32449.0 29062.0 21410.0
26
151264.0 22370.0 17928.0 32318.0 26076.0 22892.0 13410.0 16939.0
26
23398.0 33378.0 38238.0 5693.0 3962.0 11727.0 1882.0 1874.0
26
11669.0 14230.0 969.0 36202.0 17889.0 10203.0 12088.0 8488.0
26
74926.0 16913.0 2273.0 3723.0 5773.0 4804.0 2691.0 864.0
26
21941.0 49690.0 40027.0 17999.0 13669.0 9026.0 2506.0 2291.0
26
81142.0 36698.0 11642.0 19809.0 10838.0 12640.0 3385.0 1948.0
26
498570.0 7071.0 23606.0 4510.0 4514.0 7859.0 1871.0 2075.0
26
432931.0 306520.0 49728.0 12812.0 23318.0 23511.0 16101.0 10078.0
26
104015.0 79014.0 4564.0 13872.0 7207.0 5528.0 1690.0 1918.0
26
746484.0 54787.0 35956.0 140840.0 38132.0 42000.0 4496.0 3715.0
26
23046.0 41975.0 9157.0 19383.0 7578.0 4122.0 3019.0 2518.0
26
69976.0 30121.0 5739.0 3640.0 2381.0 1879.0 959.0 449.0
26
3975.0 8023.0 4292.0 6614.0 2673.0 4590.0 2042.0 2352.0
26
14734.0 8548.0 1339.0 2582.0 5728.0 6109.0 1902.0 1495.0
26
129288.0 88190.0 23904.0 15928.0 10209.0 18743.0 6983.0 5241.0
26
1810.0 26709.0 23539.0 9518.0 8600.0 8793.0 1176.0 3474.0
26
55821.0 59726.0 10819.0 1022.0 2641.0 1307.0 703.0 761.0
26
14620.0 10278.0 23272.0 5076.0 6920.0 5314.0 4264.0 1829.0
26
37436.0 45039.0 35529.0 15018.0 13239.0 6107.0 2431.0 3938.0
26
429473.0 91001.0 16952.0 22049.0 13356.0 10953.0 6868.0 8021.0
26
41818.0 21174.0 6037.0 9753.0 9520.0 12418.0 1974.0 1510.0
26
21961.0 11813.0 4189.0 5474.0 7062.0 6939.0 2572.0 1643.0
26
36276.0 40914.0 14150.0 8955.0 5634.0 8358.0 2214.0 4498.0
26
20943.0 9539.0 13312.0 9579.0 10337.0 13642.0 5373.0 2037.0
26
299277.0 9734.0 1871.0 2129.0 3546.0 1218.0 261.0 352.0
26
217160.0 90118.0 10054.0 15713.0 2866.0 4726.0 1973.0 1797.0
26
1001269.0 183501.0 25359.0 18138.0 13507.0 6630.0 2224.0 4413.0
26
624173.0 127679.0 5504.0 11941.0 9725.0 5272.0 3968.0 1729.0
26
29640.0 40172.0 29859.0 18348.0 10660.0 11650.0 3691.0 3548.0
26
17599.0 22717.0 7511.0 9641.0 9847.0 6552.0 1827.0 1738.0
26
4628.0 16367.0 1070.0 9808.0 15033.0 18944.0 5707.0 1651.0
26
69451.0 112381.0 25680.0 14498.0 18312.0 16424.0 1430.0 1903.0
26
272705.0 34005.0 24161.0 44245.0 25296.0 20833.0 3357.0 4013.0
26
151442.0 32561.0 390.0 11256.0 3861.0 5807.0 5054.0 1149.0
26
41077.0 113364.0 9733.0 4991.0 10030.0 9299.0 4421.0 1850.0
26
26924.0 15486.0 7975.0 13288.0 14050.0 8181.0 2550.0 2098.0
26
130540.0 12918.0 9536.0 1991.0 6730.0 3882.0 2285.0 826.0
26
17855.0 24548.0 1373.0 9806.0 23712.0 13886.0 5879.0 2104.0
26
456157.0 220469.0 12690.0 17874.0 16043.0 32486.0 5969.0 4764.0
26
201878.0 152010.0 16777.0 50235.0 13864.0 19972.0 8367.0 7080.0
26
109279.0 12783.0 5732.0 2642.0 5609.0 3305.0 1238.0 566.0
26
565353.0 14852.0 3802.0 3655.0 4921.0 1975.0 1256.0 1470.0
26
268222.0 328672.0 43493.0 21525.0 46836.0 24689.0 6016.0 17398.0
26
33109.0 8122.0 24679.0 8134.0 17540.0 9783.0 3133.0 3008.0
26
15799.0 28218.0 7337.0 7616.0 5940.0 11549.0 3243.0 4408.0
26
198501.0 87206.0 21029.0 31416.0 11990.0 13220.0 12193.0 4998.0
26
19115.0 33983.0 21707.0 7209.0 6316.0 8896.0 1997.0 2893.0
26
60192.0 31584.0 18211.0 13093.0 17316.0 11886.0 4380.0 4265.0
26
449642.0 52077.0 34893.0 38843.0 25720.0 24353.0 5601.0 5709.0
26
179697.0 22155.0 18114.0 11711.0 24211.0 5660.0 2204.0 1693.0
26
211933.0 11882.0 12848.0 4939.0 2117.0 2571.0 2558.0 1347.0
26
39465.0 44119.0 33914.0 10280.0 15383.0 5239.0 2728.0 1664.0
26
86005.0 97926.0 13860.0 6744.0 8973.0 7817.0 6084.0 2148.0
26
401569.0 42937.0 8530.0 31538.0 17713.0 16028.0 3585.0 7598.0
26
7881.0 41540.0 13999.0 16689.0 4619.0 9915.0 5087.0 2927.0
26
42489.0 38587.0 16848.0 14348.0 8505.0 10508.0 4074.0 2475.0
26
127931.0 21937.0 3684.0 2665.0 5269.0 2335.0 3514.0 1494.0
26
403748.0 62993.0 13076.0 14312.0 12481.0 9322.0 5246.0 2925.0
26
36705.0 24806.0 5687.0 26754.0 11983.0 14251.0 5389.0 2295.0
26
46332.0 87955.0 37098.0 14520.0 7514.0 8705.0 4306.0 2354.0
26
8766.0 13367.0 9284.0 11048.0 13000.0 4625.0 3563.0 3033.0
26
2786.0 24528.0 9894.0 3044.0 2582.0 4265.0 1501.0 1249.0
26
24664.0 49459.0 5865.0 3516.0 6618.0 9298.0 6214.0 1744.0
26
31681.0 51193.0 2581.0 6993.0 11842.0 11534.0 5724.0 6674.0
26
696026.0 270122.0 62785.0 106587.0 39839.0 8543.0 3186.0 1868.0
26
37096.0 16884.0 1245.0 1239.0 8232.0 2150.0 1904.0 1258.0
26
206609.0 25078.0 51561.0 7359.0 9867.0 4226.0 4016.0 1994.0
26
985928.0 48628.0 17697.0 58520.0 17182.0 17797.0 5247.0 4957.0
26
331906.0 72964.0 42164.0 50676.0 61398.0 21824.0 15672.0 15585.0
26
408666.0 122830.0 49711.0 4415.0 10983.0 13188.0 7090.0 7007.0
26
58180.0 116381.0 7844.0 15961.0 11935.0 9572.0 6738.0 8837.0
26
41102.0 28582.0 9369.0 19128.0 8954.0 9314.0 10008.0 5877.0
26
1768441.0 712054.0 18453.0 144129.0 131119.0 38972.0 124987.0 20896.0
26
52942.0 34721.0 1223.0 3687.0 3752.0 3053.0 1324.0 545.0
26
26663.0 19375.0 14975.0 5651.0 10340.0 8012.0 6284.0 1885.0
26
98200.0 32840.0 12269.0 7529.0 39280.0 8153.0 6302.0 11230.0
26
127828.0 218875.0 43572.0 25908.0 33562.0 7999.0 5697.0 6470.0
26
26871.0 16306.0 4475.0 11569.0 9571.0 11762.0 14024.0 5344.0
26
59581.0 13522.0 9581.0 17822.0 16159.0 26250.0 10635.0 13059.0
26
61816.0 47908.0 13877.0 9008.0 18738.0 13713.0 9947.0 11285.0
26
22617.0 26763.0 13668.0 22826.0 10819.0 20052.0 6613.0 7524.0
26
22126.0 52055.0 6583.0 11496.0 5221.0 11928.0 12885.0 7504.0
26
86576.0 14848.0 32215.0 14289.0 24539.0 21803.0 17818.0 6358.0
26
5612.0 11602.0 6617.0 8394.0 12470.0 12523.0 5300.0 5267.0
26
16203.0 20506.0 10381.0 31432.0 27443.0 15322.0 5977.0 1120.0
26
9170.0 12038.0 8847.0 12555.0 13242.0 7895.0 2608.0 1823.0
26
529012.0 17418.0 8066.0 13382.0 3242.0 3862.0 2073.0 1395.0
26
784357.0 32351.0 31709.0 84463.0 65866.0 23125.0 5300.0 2807.0
26
49912.0 157690.0 18512.0 20791.0 47541.0 25476.0 10131.0 4021.0
26
79286.0 69709.0 21806.0 13185.0 6314.0 22157.0 10083.0 9132.0
26
28897.0 8056.0 3744.0 7610.0 3601.0 3622.0 2228.0 4133.0
26
31772.0 17649.0 2403.0 28650.0 11291.0 7547.0 6936.0 4202.0
26
27609.0 30975.0 8372.0 22350.0 9603.0 6073.0 2439.0 1008.0
26
49136.0 113354.0 61870.0 2652.0 16524.0 5981.0 2397.0 3086.0
26
57330.0 89544.0 31115.0 50140.0 9170.0 3688.0 4261.0 1111.0
26
18453.0 17655.0 20704.0 15912.0 8779.0 2611.0 3521.0 1925.0
26
710602.0 127687.0 98640.0 107002.0 41204.0 42451.0 15184.0 8184.0
26
129789.0 72984.0 12547.0 9791.0 6117.0 4538.0 4110.0 5035.0
26
49233.0 158135.0 39253.0 31517.0 26161.0 7955.0 2751.0 2135.0
26
1921022.0 102590.0 11665.0 69711.0 31281.0 20314.0 8148.0 3964.0
26
3438.0 7241.0 9098.0 9780.0 2337.0 4693.0 1731.0 1221.0
26
14924.0 23160.0 9238.0 21482.0 12119.0 5074.0 4165.0 1240.0
26
783589.0 101675.0 26022.0 23824.0 40139.0 33255.0 9854.0 3887.0
26
83475.0 164286.0 10916.0 18924.0 10739.0 16489.0 9562.0 7920.0
26
57863.0 36776.0 6752.0 6747.0 2103.0 3099.0 2442.0 490.0
26
1059236.0 208847.0 46532.0 16608.0 6916.0 6268.0 5214.0 11057.0
26
421517.0 96157.0 19197.0 20189.0 7064.0 18932.0 16831.0 3836.0
26
376185.0 129444.0 12421.0 18478.0 12501.0 28575.0 48325.0 7162.0
26
415559.0 51126.0 51633.0 36862.0 24895.0 16813.0 13908.0 4635.0
26
26620.0 10564.0 20117.0 1305.0 3754.0 3123.0 3165.0 1987.0
26
180234.0 17536.0 8036.0 10876.0 5568.0 3745.0 3824.0 1531.0
26
239221.0 11047.0 7838.0 8870.0 3932.0 3027.0 3016.0 1228.0
26
234109.0 172740.0 16591.0 21889.0 8945.0 16273.0 16088.0 10931.0
26
111743.0 7628.0 2041.0 4989.0 6402.0 6697.0 4215.0 1820.0
26
612622.0 54445.0 22274.0 25213.0 27648.0 13336.0 21001.0 5576.0
26
17364.0 43946.0 6571.0 31893.0 15526.0 24954.0 15223.0 8835.0
26
16916.0 34889.0 5570.0 55862.0 11982.0 19187.0 30960.0 9747.0
26
1786092.0 60808.0 41507.0 12680.0 7954.0 7580.0 7967.0 12396.0
26
30739.0 27330.0 14817.0 11283.0 4226.0 9587.0 5878.0 2642.0
26
14822.0 56188.0 12083.0 17824.0 13681.0 11616.0 11675.0 11631.0
26
112633.0 37747.0 57681.0 30003.0 32037.0 22657.0 21795.0 3260.0
26
76330.0 155012.0 12769.0 17528.0 19442.0 11967.0 13360.0 12025.0
26
292743.0 36110.0 21546.0 53134.0 9346.0 24366.0 18042.0 5400.0
26
227238.0 16777.0 10761.0 3710.0 2835.0 4457.0 4339.0 842.0
26
1810953.0 204948.0 28899.0 29947.0 42626.0 19480.0 13648.0 7554.0
26
1365731.0 162443.0 51656.0 10278.0 56230.0 28559.0 19474.0 17875.0
26
1671909.0 121436.0 34909.0 18064.0 17476.0 37325.0 48856.0 16467.0
26
307101.0 87966.0 14525.0 5465.0 10542.0 14038.0 5840.0 5373.0
26
290112.0 351735.0 31191.0 43380.0 75477.0 19688.0 16546.0 30876.0
26
7937.0 13297.0 1015.0 10872.0 12956.0 17398.0 7134.0 7126.0
26
118247.0 15575.0 10526.0 1391.0 2991.0 5497.0 1111.0 2181.0
26
420360.0 38957.0 8944.0 2634.0 5374.0 6467.0 12978.0 3574.0
26
849011.0 81605.0 22410.0 36997.0 8764.0 21321.0 15916.0 15899.0
26
761868.0 126405.0 34922.0 9685.0 36734.0 13123.0 20834.0 14339.0
26
78268.0 12413.0 9857.0 16226.0 21470.0 12863.0 18305.0 13828.0
26
146168.0 40774.0 11134.0 13643.0 25482.0 13812.0 20148.0 15186.0
26
107610.0 56696.0 20456.0 4449.0 9563.0 10588.0 12048.0 8075.0
26
1127386.0 140342.0 49678.0 56334.0 23476.0 19399.0 10744.0 8011.0
26
65099.0 155021.0 17423.0 4286.0 11429.0 18822.0 20515.0 3741.0
26
13165.0 28906.0 19026.0 6393.0 6085.0 11854.0 7907.0 2291.0
26
16747.0 55028.0 9914.0 2471.0 17915.0 16629.0 7725.0 5108.0
26
73410.0 68358.0 60390.0 36263.0 22969.0 15419.0 13594.0 3324.0
26
19901.0 34143.0 2136.0 19819.0 10853.0 10141.0 6662.0 4318.0
26
39717.0 24229.0 951.0 4353.0 8767.0 2457.0 1813.0 1027.0
26
1584062.0 408029.0 34596.0 13954.0 25387.0 24129.0 31471.0 25153.0
26
146714.0 31796.0 30669.0 57092.0 50743.0 19242.0 13316.0 7146.0
26
179091.0 10896.0 189.0 2403.0 7039.0 4997.0 1164.0 3909.0
26
350016.0 10504.0 5188.0 3608.0 1722.0 2246.0 1142.0 1144.0
26
161578.0 132554.0 15507.0 42015.0 24475.0 19921.0 16805.0 13092.0
26
74478.0 62479.0 8795.0 2246.0 5472.0 7549.0 2900.0 3681.0
26
9186.0 34984.0 26680.0 6452.0 21429.0 23232.0 3618.0 2995.0
26
157629.0 67954.0 19973.0 17417.0 48492.0 29829.0 11837.0 25012.0
26
1300021.0 40153.0 39674.0 17116.0 32663.0 35454.0 15525.0 9079.0
26
1109746.0 201138.0 67945.0 57319.0 17552.0 23628.0 23586.0 12672.0
26
64324.0 20838.0 18950.0 31724.0 10481.0 18024.0 7306.0 8128.0
26
64617.0 88722.0 17984.0 19332.0 15951.0 45670.0 29873.0 21492.0
26
892223.0 88261.0 26143.0 72425.0 22866.0 18224.0 10381.0 13053.0
26
50933.0 12212.0 27925.0 5048.0 23871.0 26032.0 5533.0 10139.0
26
53382.0 82332.0 42176.0 9147.0 34174.0 29108.0 6052.0 16738.0
26
184021.0 88085.0 19286.0 14196.0 4932.0 18917.0 10689.0 14673.0
26
49272.0 40687.0 34358.0 8339.0 15292.0 22318.0 6407.0 14931.0
26
161200.0 114382.0 35981.0 75413.0 44082.0 39048.0 37303.0 18973.0
26
82655.0 92564.0 54716.0 39695.0 22202.0 48816.0 16445.0 11750.0
26
875327.0 115551.0 72602.0 13191.0 28980.0 36638.0 12292.0 8811.0
26
971407.0 32322.0 36663.0 21617.0 7917.0 20700.0 8506.0 7931.0
26
407716.0 27796.0 28822.0 21627.0 4735.0 3614.0 3893.0 1588.0
26
271289.0 46809.0 8150.0 6578.0 6628.0 5585.0 2601.0 1714.0
26
156493.0 32727.0 8302.0 10754.0 10137.0 4461.0 5595.0 2500.0
26
484341.0 115958.0 6009.0 11755.0 29181.0 41056.0 12170.0 18153.0
26
362833.0 419119.0 104671.0 39334.0 45578.0 31955.0 38324.0 23055.0
26
23629.0 26422.0 36674.0 8794.0 12622.0 11284.0 15597.0 10289.0
26
3264.0 28338.0 31900.0 11853.0 7377.0 9203.0 6415.0 2532.0
26
2777.0 36444.0 7698.0 12754.0 18911.0 18194.0 22960.0 5783.0
26
5747.0 9594.0 20013.0 12254.0 13999.0 12383.0 8262.0 11572.0
26
141188.0 17636.0 13637.0 10537.0 9694.0 13030.0 10746.0 5798.0
26
69276.0 39295.0 23370.0 16692.0 14289.0 13833.0 3219.0 9674.0
26
65520.0 40050.0 28438.0 19772.0 26619.0 4986.0 11121.0 6137.0
26
142662.0 149444.0 49604.0 7810.0 24386.0 12890.0 19203.0 8967.0
26
411224.0 139890.0 47259.0 2696.0 15986.0 16787.0 8864.0 7582.0
26
48639.0 43067.0 11137.0 12061.0 5301.0 7875.0 7500.0 3324.0
26
53531.0 21764.0 13530.0 4277.0 3507.0 1786.0 2616.0 609.0
26