1459 2 1
2427.0 2944.0
21
5145.0 2062.0
21
6057.0 2153.0
21
3866.0 4376.0
21
3792.0 1536.0
21
4938.0 6198.0
21
6616.0 3815.0
21
5771.0 5522.0
21
6178.0 8096.0
21
4917.0 3601.0
21
3000.0 1124.0
21
2755.0 3052.0
21
2231.0 445.0
21
2093.0 2328.0
21
3770.0 2954.0
21
31206.0 29574.0
21
4515.0 1714.0
21
10641.0 3760.0
21
4157.0 3677.0
21
5243.0 2856.0
21
9155.0 2586.0
21
6005.0 8730.0
21
13475.0 15309.0
21
5450.0 2489.0
21
3647.0 4277.0
21
2981.0 2404.0
21
5302.0 2274.0
21
3712.0 5838.0
21
2888.0 4613.0
21
43077.0 17372.0
21
10340.0 5873.0
21
5864.0 3250.0
21
4851.0 4946.0
21
4484.0 3524.0
21
3510.0 2538.0
21
3446.0 2066.0
21
12111.0 1280.0
21
2179.0 548.0
21
1068.0 407.0
21
6815.0 4827.0
21
1405.0 1665.0
21
2345.0 3362.0
21
2878.0 543.0
21
4360.0 6650.0
21
1461.0 1145.0
21
1327.0 1823.0
21
4497.0 3564.0
21
2239.0 1640.0
21
3805.0 3983.0
21
5319.0 3315.0
21
3220.0 5051.0
21
1829.0 1044.0
21
2252.0 1084.0
21
3272.0 5283.0
21
1665.0 1417.0
21
29372.0 17729.0
21
14437.0 6585.0
21
6127.0 3832.0
21
16736.0 4680.0
21
17984.0 10285.0
21
2772.0 2179.0
21
10598.0 4759.0
21
8003.0 2862.0
21
15935.0 9370.0
21
2752.0 2420.0
21
14436.0 2168.0
21
4002.0 4471.0
21
6011.0 3749.0
21
17513.0 5397.0
21
6517.0 1921.0
21
7139.0 12381.0
21
5067.0 3478.0
21
17241.0 7532.0
21
15312.0 9408.0
21
9918.0 6176.0
21
13703.0 39544.0
21
15978.0 3359.0
21
4692.0 2354.0
21
9564.0 2251.0
21
1637.0 2747.0
21
20558.0 1269.0
21
18458.0 10811.0
21
3581.0 2486.0
21
9552.0 1231.0
21
12845.0 8301.0
21
12327.0 18535.0
21
2853.0 2659.0
21
5980.0 4351.0
21
9834.0 2186.0
21
4555.0 2349.0
21
5936.0 8834.0
21
25499.0 7911.0
21
3007.0 2221.0
21
5513.0 5113.0
21
14175.0 7971.0
21
14707.0 11828.0
21
4171.0 2061.0
21
4248.0 3044.0
21
19390.0 6493.0
21
4409.0 3502.0
21
23647.0 8225.0
21
12947.0 10459.0
21
100130.0 45789.0
21
25889.0 15854.0
21
2372.0 1816.0
21
5622.0 6713.0
21
12576.0 10882.0
21
15386.0 27259.0
21
14379.0 7019.0
21
21346.0 10447.0
21
23625.0 11942.0
21
5321.0 7682.0
21
26385.0 9382.0
21
25059.0 16659.0
21
7505.0 8204.0
21
22019.0 10868.0
21
5143.0 2941.0
21
12306.0 11092.0
21
8804.0 2949.0
21
9192.0 2133.0
21
13394.0 4851.0
21
11099.0 12726.0
21
5110.0 1838.0
21
3569.0 3688.0
21
17586.0 7141.0
21
3894.0 1199.0
21
4671.0 16182.0
21
2823.0 7209.0
22
4047.0 8184.0
22
4834.0 8859.0
22
2825.0 2123.0
22
3905.0 2040.0
22
1204.0 1198.0
22
4754.0 4309.0
22
7531.0 4096.0
22
1922.0 525.0
22
2632.0 3575.0
22
3485.0 1410.0
22
808.0 641.0
22
2375.0 1205.0
22
1363.0 2699.0
22
2584.0 2133.0
22
2632.0 1889.0
22
4389.0 4728.0
22
1408.0 733.0
22
1407.0 1134.0
22
9844.0 8112.0
22
8402.0 3187.0
22
29389.0 8243.0
22
13449.0 14972.0
22
9595.0 14337.0
22
2181.0 1444.0
22
11697.0 3990.0
22
3014.0 3030.0
22
4256.0 1638.0
22
4748.0 3760.0
22
13588.0 4805.0
22
17162.0 5389.0
22
2931.0 2918.0
22
2548.0 2605.0
22
1194.0 1912.0
22
4784.0 2035.0
22
2417.0 1416.0
22
5872.0 2436.0
22
4180.0 2388.0
22
346.0 567.0
22
8484.0 8506.0
22
3581.0 1661.0
22
11127.0 7671.0
22
15719.0 14357.0
22
3307.0 4305.0
22
7398.0 3874.0
22
14272.0 3704.0
22
24287.0 13477.0
22
45725.0 9416.0
22
7717.0 15936.0
22
2825.0 2550.0
22
7766.0 3354.0
22
3273.0 3153.0
22
5377.0 1072.0
22
1929.0 2528.0
22
10653.0 965.0
22
8085.0 11899.0
22
5763.0 5411.0
22
5158.0 4880.0
22
7217.0 11186.0
22
3221.0 2957.0
22
3954.0 3667.0
22
3742.0 2018.0
22
12488.0 5659.0
22
4667.0 4950.0
22
8620.0 3638.0
22
8348.0 2489.0
22
1295.0 1009.0
22
1590.0 896.0
22
4087.0 1447.0
22
9718.0 1489.0
22
4459.0 3025.0
22
3954.0 3347.0
22
8015.0 4705.0
22
1833.0 1437.0
22
18683.0 7248.0
22
1733.0 982.0
22
4884.0 4202.0
22
5184.0 4139.0
22
1960.0 1110.0
22
7342.0 9174.0
22
4026.0 2634.0
22
10685.0 7490.0
22
2676.0 3147.0
22
4799.0 6764.0
22
7730.0 2817.0
22
4597.0 5999.0
22
14178.0 5709.0
22
4381.0 1674.0
22
6018.0 1608.0
22
3973.0 2518.0
22
1363.0 950.0
22
936.0 852.0
22
2589.0 1471.0
22
9148.0 4550.0
22
5479.0 4843.0
22
3316.0 2153.0
22
3032.0 2049.0
22
5387.0 2563.0
22
3785.0 4512.0
22
3636.0 3705.0
22
3242.0 2717.0
22
8673.0 3206.0
22
4000.0 4091.0
22
2010.0 1206.0
22
3198.0 4360.0
22
4725.0 7032.0
22
11340.0 14378.0
22
10927.0 6784.0
22
3831.0 1308.0
22
3236.0 6394.0
22
3002.0 2003.0
22
3584.0 2683.0
22
5572.0 7524.0
22
2297.0 4339.0
22
10981.0 2542.0
22
9344.0 2200.0
22
3861.0 1162.0
22
4910.0 3077.0
22
6736.0 4657.0
22
9212.0 8290.0
22
6133.0 2237.0
22
1152.0 1284.0
22
2559.0 2969.0
22
7052.0 1884.0
22
3892.0 2259.0
22
7035.0 2894.0
22
6877.0 5256.0
22
4343.0 4518.0
22
4789.0 1928.0
22
4573.0 4033.0
22
3994.0 2379.0
22
8728.0 2817.0
22
32315.0 24155.0
22
2330.0 3477.0
22
6664.0 7378.0
22
4075.0 3623.0
22
6967.0 3239.0
22
5091.0 1694.0
22
2801.0 1653.0
22
27372.0 7612.0
22
7392.0 1783.0
22
3019.0 5424.0
22
5048.0 2255.0
22
2136.0 5637.0
22
8743.0 3902.0
22
1597.0 1223.0
22
2000.0 1159.0
22
3598.0 1984.0
22
4072.0 1778.0
22
2429.0 2790.0
22
2664.0 2849.0
22
16721.0 5854.0
22
8516.0 5778.0
22
3611.0 1581.0
22
2876.0 1080.0
22
6769.0 4556.0
22
2454.0 3907.0
22
2789.0 2388.0
22
6600.0 6065.0
22
1203.0 704.0
22
5255.0 3076.0
22
6160.0 9561.0
22
12422.0 5844.0
22
7412.0 5982.0
22
3851.0 4198.0
22
8955.0 9853.0
22
5470.0 6895.0
22
8056.0 3240.0
22
9247.0 7123.0
22
5221.0 3116.0
22
7565.0 4461.0
22
3569.0 3455.0
22
4044.0 1770.0
22
1967.0 1289.0
22
1575.0 1346.0
22
6061.0 3818.0
22
3237.0 1091.0
22
4315.0 3000.0
22
11286.0 2792.0
22
3588.0 6618.0
22
2373.0 3215.0
22
3264.0 2567.0
22
2639.0 2790.0
22
2573.0 2383.0
22
1217.0 2451.0
22
1974.0 3606.0
22
5836.0 2689.0
22
13421.0 18116.0
22
1117.0 5249.0
22
7337.0 2648.0
22
16346.0 10263.0
22
3727.0 2346.0
22
6408.0 11864.0
22
8844.0 7314.0
22
2824.0 3193.0
22
9082.0 4037.0
22
4623.0 4173.0
22
5992.0 1684.0
22
6847.0 4217.0
22
4018.0 2622.0
22
35733.0 51375.0
22
1445.0 1222.0
22
12284.0 5635.0
22
72181.0 108606.0
22
12106.0 7285.0
22
42049.0 9644.0
22
7950.0 1735.0
22
13960.0 19182.0
22
34170.0 16311.0
22
17455.0 9500.0
22
11987.0 4312.0
22
24821.0 20935.0
22
7325.0 9697.0
22
24702.0 6224.0
22
4924.0 1669.0
22
20250.0 9769.0
22
5891.0 3023.0
22
13957.0 11959.0
22
1992.0 1473.0
22
5123.0 5969.0
22
18336.0 5290.0
22
32736.0 6347.0
22
4124.0 2871.0
22
23700.0 4344.0
22
6042.0 2545.0
22
24064.0 6602.0
22
11701.0 4656.0
22
2300.0 1089.0
22
5394.0 4005.0
22
6446.0 2759.0
22
9252.0 4910.0
22
5395.0 4162.0
22
6955.0 11586.0
22
4804.0 7244.0
22
1585.0 1716.0
22
9137.0 13980.0
22
3418.0 2086.0
22
5154.0 1281.0
22
3147.0 6453.0
22
10422.0 6425.0
22
10826.0 4347.0
22
1655.0 2107.0
22
35971.0 7021.0
22
33910.0 16482.0
22
12574.0 18247.0
22
1785.0 3160.0
22
16281.0 2679.0
22
15125.0 10481.0
22
4152.0 3446.0
22
3105.0 1874.0
22
9186.0 20271.0
22
10071.0 8177.0
22
8706.0 18113.0
22
19858.0 4955.0
22
13390.0 4432.0
22
8098.0 9263.0
22
6170.0 9457.0
22
4043.0 2771.0
22
11512.0 4411.0
22
34059.0 6830.0
22
1997.0 1399.0
22
14991.0 5870.0
22
8819.0 3580.0
22
10368.0 4944.0
22
14099.0 5224.0
22
1311.0 997.0
22
1489.0 1419.0
22
4406.0 2325.0
22
18593.0 16560.0
22
44604.0 37056.0
23
9585.0 50887.0
23
1190.0 2520.0
23
2898.0 1239.0
23
2188.0 754.0
23
2223.0 1592.0
23
1395.0 1481.0
23
8277.0 7888.0
23
3283.0 2210.0
23
1563.0 508.0
23
2894.0 3155.0
23
1267.0 4630.0
23
2790.0 1997.0
23
2839.0 3834.0
23
1566.0 3101.0
23
3284.0 891.0
23
3583.0 1317.0
23
1510.0 1777.0
23
6548.0 5469.0
23
2944.0 3000.0
23
17986.0 5720.0
23
9928.0 4829.0
23
10646.0 14970.0
23
14862.0 7943.0
23
2131.0 2277.0
23
4098.0 1179.0
23
1882.0 2491.0
23
432.0 2225.0
23
1743.0 1609.0
23
14302.0 18038.0
23
6995.0 16030.0
23
8639.0 6519.0
23
5445.0 2237.0
23
3748.0 1478.0
23
4102.0 3503.0
23
1640.0 1831.0
23
9977.0 2550.0
23
715.0 1706.0
23
3757.0 1018.0
23
14388.0 4481.0
23
7846.0 5553.0
23
4684.0 7267.0
23
8147.0 2165.0
23
19725.0 23140.0
23
4418.0 3781.0
23
3643.0 4670.0
23
3624.0 2238.0
23
6596.0 3707.0
23
27102.0 23166.0
23
5256.0 4488.0
23
1402.0 3427.0
23
5267.0 7184.0
23
7085.0 1681.0
23
7357.0 3125.0
23
3410.0 2721.0
23
5692.0 5086.0
23
10098.0 9821.0
23
3897.0 2297.0
23
6111.0 4177.0
23
7277.0 3620.0
23
7322.0 2739.0
23
10008.0 4105.0
23
5738.0 2732.0
23
4375.0 2011.0
23
3649.0 3221.0
23
1793.0 3966.0
23
2946.0 1369.0
23
1893.0 512.0
23
1925.0 911.0
23
2971.0 1820.0
23
252.0 105.0
23
12668.0 13237.0
23
9794.0 1899.0
23
2471.0 759.0
23
19652.0 38058.0
23
4629.0 2244.0
23
6425.0 2334.0
23
2257.0 2953.0
23
2680.0 2918.0
23
32874.0 17183.0
23
9494.0 5249.0
23
10797.0 5958.0
23
1974.0 3354.0
23
9141.0 3014.0
23
1662.0 632.0
23
3923.0 3117.0
23
3134.0 2645.0
23
12210.0 15423.0
23
2210.0 1405.0
23
4215.0 2011.0
23
878.0 1080.0
23
905.0 1137.0
23
3906.0 1679.0
23
15410.0 5169.0
23
4906.0 2735.0
23
3253.0 4764.0
23
7134.0 4069.0
23
670.0 934.0
23
4211.0 4030.0
23
2289.0 7283.0
23
5159.0 5190.0
23
1863.0 1734.0
23
3245.0 1165.0
23
4387.0 1470.0
23
1925.0 589.0
23
945.0 984.0
23
6686.0 6065.0
23
9036.0 8274.0
23
1658.0 3223.0
23
2496.0 2266.0
23
3757.0 3193.0
23
1812.0 1926.0
23
2272.0 2879.0
23
1649.0 3515.0
23
2128.0 4992.0
23
2382.0 2441.0
23
2389.0 1726.0
23
4920.0 3176.0
23
2568.0 930.0
23
5587.0 4658.0
23
9711.0 7277.0
23
5606.0 2820.0
23
2704.0 555.0
23
3717.0 2153.0
23
988.0 1017.0
23
6410.0 4458.0
23
692.0 437.0
23
3235.0 2340.0
23
4808.0 2131.0
23
19374.0 9853.0
23
7491.0 2488.0
23
3190.0 606.0
23
4591.0 1026.0
23
2575.0 2448.0
23
7066.0 4035.0
23
4112.0 2611.0
23
3657.0 3637.0
23
4633.0 2540.0
23
6322.0 2883.0
23
10641.0 2553.0
23
1765.0 1975.0
23
4943.0 2918.0
23
11279.0 13129.0
23
7788.0 5674.0
23
4894.0 6806.0
23
4385.0 4253.0
23
2082.0 1710.0
23
7087.0 3005.0
23
357.0 410.0
23
3490.0 4075.0
23
1727.0 2870.0
23
1508.0 1411.0
23
6863.0 2770.0
23
408.0 156.0
23
6432.0 11313.0
23
6277.0 5941.0
23
4542.0 7520.0
23
11017.0 11367.0
23
2452.0 3516.0
23
5231.0 8343.0
23
12295.0 3239.0
23
3403.0 5112.0
23
7277.0 3617.0
23
5953.0 3123.0
23
6955.0 9485.0
23
8105.0 4613.0
23
3813.0 7059.0
23
10427.0 14221.0
23
4427.0 4236.0
23
9245.0 2921.0
23
5356.0 6077.0
23
7618.0 1872.0
23
4150.0 2840.0
23
1899.0 2407.0
23
4000.0 2114.0
23
1079.0 679.0
23
2367.0 3450.0
23
19759.0 16686.0
23
4425.0 7921.0
23
3296.0 1583.0
23
2491.0 1708.0
23
4425.0 2031.0
23
2838.0 3208.0
23
2696.0 1579.0
23
3142.0 4438.0
23
9930.0 3226.0
23
12440.0 12999.0
23
2575.0 3572.0
23
6163.0 4465.0
23
828.0 601.0
23
5592.0 8589.0
23
7966.0 6888.0
23
36848.0 27621.0
23
2116.0 1633.0
23
11343.0 2255.0
23
8192.0 11224.0
23
1638.0 2433.0
23
43947.0 18830.0
23
9710.0 3794.0
23
3168.0 4022.0
23
20981.0 11006.0
23
21668.0 14407.0
23
1669.0 354.0
23
12976.0 12464.0
23
14283.0 17365.0
23
9255.0 9572.0
23
4880.0 3734.0
23
4860.0 5530.0
23
9294.0 6394.0
23
6514.0 4021.0
23
34219.0 3978.0
23
7027.0 3344.0
23
7475.0 14127.0
23
1820.0 1253.0
23
6140.0 1180.0
23
6991.0 4947.0
23
12722.0 3571.0
23
5873.0 3807.0
23
15195.0 8919.0
23
9421.0 4656.0
23
8837.0 12547.0
23
1335.0 1228.0
23
12073.0 3202.0
23
982.0 720.0
23
4644.0 23948.0
23
4120.0 4774.0
23
18204.0 7870.0
23
1728.0 208.0
23
13962.0 11269.0
23
2408.0 1920.0
23
14218.0 7845.0
23
10181.0 17478.0
23
11859.0 6489.0
23
23551.0 16670.0
23
15666.0 7375.0
23
17008.0 9358.0
23
18976.0 6367.0
23
21869.0 17017.0
23
17012.0 12585.0
23
2021.0 2116.0
23
15425.0 9891.0
23
1307.0 458.0
23
21388.0 6848.0
23
12620.0 9485.0
23
27821.0 8199.0
23
68874.0 22795.0
23
69933.0 30029.0
23
7529.0 8956.0
23
12922.0 5968.0
23
18115.0 10502.0
23
45967.0 7292.0
23
18269.0 6200.0
23
2654.0 4605.0
23
20661.0 9729.0
23
11265.0 6599.0
23
8819.0 6727.0
23
15448.0 8874.0
23
6896.0 8846.0
23
9447.0 4709.0
23
1064.0 1578.0
23
10417.0 6524.0
23
5348.0 6190.0
23
5844.0 1228.0
23
3152.0 2027.0
23
6425.0 11016.0
24
31411.0 10240.0
24
7629.0 5723.0
24
3762.0 2261.0
24
3759.0 4122.0
24
2459.0 1343.0
24
2762.0 640.0
24
6001.0 5460.0
24
1140.0 1602.0
24
2549.0 1992.0
24
1666.0 1334.0
24
1859.0 1003.0
24
5195.0 3275.0
24
751.0 889.0
24
1524.0 765.0
24
6952.0 4319.0
24
5626.0 2791.0
24
3137.0 5345.0
24
4739.0 4164.0
24
8836.0 4497.0
24
19514.0 10389.0
24
14786.0 10377.0
24
11672.0 5385.0
24
7447.0 13609.0
24
1180.0 1643.0
24
2768.0 1195.0
24
4206.0 3480.0
24
1539.0 764.0
24
1839.0 1205.0
24
14912.0 6614.0
24
11184.0 5360.0
24
1067.0 1103.0
24
6096.0 1364.0
24
2141.0 1930.0
24
5929.0 3005.0
24
2904.0 3417.0
24
2179.0 456.0
24
1489.0 2097.0
24
2529.0 1405.0
24
21175.0 4890.0
24
7950.0 5407.0
24
42583.0 34950.0
24
22311.0 13731.0
24
16233.0 29067.0
24
28032.0 5668.0
24
25926.0 14601.0
24
9418.0 4709.0
24
14905.0 5646.0
24
25851.0 33779.0
24
2573.0 4206.0
24
1970.0 1406.0
24
8194.0 3318.0
24
9184.0 9411.0
24
2749.0 2277.0
24
2623.0 2781.0
24
3221.0 3111.0
24
2542.0 4193.0
24
1048.0 966.0
24
1118.0 926.0
24
2080.0 1026.0
24
5150.0 3706.0
24
1658.0 465.0
24
1657.0 1163.0
24
3304.0 3183.0
24
2977.0 2450.0
24
5782.0 4173.0
24
8593.0 14802.0
24
944.0 509.0
24
2423.0 1629.0
24
1004.0 835.0
24
2485.0 2860.0
24
1022.0 444.0
24
2672.0 2122.0
24
10113.0 9559.0
24
11569.0 4169.0
24
5070.0 4295.0
24
6694.0 3455.0
24
5627.0 2173.0
24
7548.0 8176.0
24
2029.0 2518.0
24
3064.0 1279.0
24
4004.0 5993.0
24
7972.0 2361.0
24
2266.0 944.0
24
3912.0 1890.0
24
3430.0 1548.0
24
5228.0 4731.0
24
4285.0 3024.0
24
1062.0 2197.0
24
7407.0 6660.0
24
2853.0 3760.0
24
5159.0 2355.0
24
2514.0 2788.0
24
5846.0 4201.0
24
6632.0 4875.0
24
810.0 517.0
24
1436.0 1857.0
24
1957.0 2138.0
24
11069.0 3591.0
24
3074.0 1661.0
24
3868.0 2884.0
24
4992.0 5322.0
24
2174.0 1749.0
24
2378.0 717.0
24
1205.0 1833.0
24
3244.0 1626.0
24
3730.0 3776.0
24
4007.0 497.0
24
2505.0 954.0
24
3168.0 1395.0
24
1694.0 1215.0
24
3615.0 2998.0
24
2338.0 2832.0
24
2468.0 2694.0
24
20325.0 11417.0
24
1907.0 1083.0
24
3146.0 1485.0
24
2981.0 4659.0
24
3466.0 1802.0
24
4523.0 1035.0
24
14500.0 3868.0
24
2599.0 1748.0
24
1919.0 2833.0
24
2417.0 2428.0
24
5840.0 1684.0
24
2730.0 3599.0
24
2143.0 2331.0
24
2465.0 2169.0
24
3783.0 3605.0
24
24141.0 22540.0
24
2491.0 2450.0
24
5098.0 3467.0
24
9125.0 11459.0
24
1348.0 3305.0
24
5604.0 3388.0
24
6036.0 2705.0
24
6710.0 2007.0
24
2850.0 5324.0
24
3211.0 1874.0
24
1983.0 1456.0
24
1080.0 677.0
24
1632.0 3581.0
24
3682.0 2104.0
24
5044.0 2305.0
24
3688.0 3410.0
24
3800.0 1303.0
24
2076.0 1836.0
24
3372.0 3545.0
24
1101.0 1678.0
24
846.0 531.0
24
3106.0 2428.0
24
2584.0 5641.0
24
4630.0 2971.0
24
4630.0 7039.0
24
11675.0 8755.0
24
5562.0 2975.0
24
1394.0 987.0
24
9677.0 3989.0
24
16978.0 14417.0
24
3934.0 6193.0
24
3029.0 3824.0
24
2375.0 4191.0
24
4455.0 6203.0
24
19398.0 14484.0
24
5326.0 2256.0
24
7162.0 4014.0
24
9108.0 3496.0
24
5137.0 3051.0
24
3510.0 3658.0
24
3149.0 7254.0
24
4176.0 1660.0
24
2978.0 1033.0
24
2175.0 3198.0
24
2661.0 1576.0
24
1276.0 919.0
24
5091.0 2279.0
24
3343.0 1671.0
24
4742.0 2467.0
24
4417.0 3296.0
24
4739.0 3627.0
24
2538.0 3702.0
24
666.0 587.0
24
4588.0 2730.0
24
830.0 3905.0
24
2900.0 3447.0
24
2524.0 1685.0
24
2995.0 1192.0
24
1954.0 1189.0
24
1988.0 1207.0
24
4001.0 4456.0
24
15552.0 12536.0
24
8610.0 4289.0
24
9585.0 5284.0
24
1777.0 1503.0
24
14478.0 6064.0
24
11267.0 4800.0
24
3537.0 1415.0
24
12044.0 9938.0
24
28495.0 15713.0
24
16288.0 6032.0
24
25848.0 8208.0
24
13479.0 5809.0
24
19053.0 19084.0
24
2869.0 2696.0
24
5156.0 5367.0
24
15664.0 8307.0
24
1193.0 1078.0
24
2940.0 3787.0
24
3354.0 6127.0
24
31674.0 6724.0
24
14278.0 7587.0
24
18009.0 7863.0
24
3518.0 1908.0
24
9782.0 4378.0
24
6853.0 7066.0
24
33527.0 9252.0
24
3964.0 2886.0
24
8659.0 4327.0
24
22831.0 8183.0
24
26716.0 4119.0
24
34266.0 7027.0
24
6505.0 2969.0
24
904.0 802.0
24
8604.0 11429.0
24
9182.0 5396.0
24
3886.0 1360.0
24
8790.0 1315.0
24
11192.0 6390.0
24
21904.0 7281.0
24
37676.0 6482.0
24
12233.0 13247.0
24
6855.0 2133.0
24
7028.0 4266.0
24
11360.0 12535.0
24
40157.0 22154.0
24
1986.0 2393.0
24
10785.0 4713.0
24
7649.0 7766.0
24
10245.0 12153.0
24
8027.0 13167.0
24
18706.0 5740.0
24
8111.0 5508.0
24
204677.0 185845.0
24
38193.0 14287.0
24
16422.0 5353.0
24
32309.0 7544.0
24
2638.0 1198.0
24
42502.0 39412.0
24
18513.0 8271.0
24
12355.0 6108.0
24
8200.0 3175.0
24
6505.0 5949.0
24
4750.0 2926.0
24
5696.0 2028.0
24
5003.0 6630.0
24
25362.0 13980.0
24
2795.0 2193.0
24
11269.0 5907.0
24
10797.0 4606.0
24
8564.0 1898.0
24
5587.0 1483.0
24
7632.0 4860.0
24
37264.0 9626.0
25
2517.0 2215.0
25
6375.0 2200.0
25
14749.0 10010.0
25
20322.0 11492.0
25
3744.0 1458.0
25
5686.0 2777.0
25
2416.0 1919.0
25
1776.0 3465.0
25
1922.0 1515.0
25
3265.0 10262.0
25
11278.0 5505.0
25
4032.0 1869.0
25
4558.0 2684.0
25
4357.0 4111.0
25
1434.0 3093.0
25
473.0 401.0
25
1571.0 1306.0
25
12872.0 4949.0
25
5002.0 5210.0
25
27708.0 13894.0
25
8212.0 15242.0
25
34864.0 5194.0
25
4277.0 5415.0
25
1565.0 1801.0
25
2687.0 3696.0
25
2784.0 1797.0
25
2895.0 1632.0
25
7210.0 3616.0
25
7573.0 9861.0
25
15820.0 7072.0
25
3710.0 2415.0
25
948.0 807.0
25
3130.0 1303.0
25
4839.0 2658.0
25
2724.0 3195.0
25
7979.0 3278.0
25
1352.0 3051.0
25
2190.0 1909.0
25
14947.0 5805.0
25
1627.0 4576.0
25
12200.0 8555.0
25
6888.0 3662.0
25
6651.0 7447.0
25
2811.0 2651.0
25
3907.0 3588.0
25
5088.0 2436.0
25
24500.0 5787.0
25
2302.0 4482.0
25
2915.0 2628.0
25
1550.0 1087.0
25
4361.0 3332.0
25
3339.0 2416.0
25
3717.0 2528.0
25
8545.0 4341.0
25
16926.0 6653.0
25
821.0 318.0
25
3247.0 7483.0
25
3434.0 2721.0
25
6950.0 3154.0
25
3579.0 5182.0
25
3652.0 5395.0
25
8202.0 2239.0
25
1898.0 5460.0
25
3567.0 4006.0
25
2025.0 1476.0
25
2743.0 919.0
25
3266.0 1326.0
25
754.0 581.0
25
6861.0 1355.0
25
1227.0 574.0
25
6785.0 3500.0
25
5976.0 6006.0
25
4906.0 4442.0
25
2429.0 3364.0
25
34177.0 4170.0
25
2011.0 3869.0
25
972.0 2390.0
25
3937.0 1583.0
25
5877.0 3063.0
25
5284.0 1290.0
25
5642.0 5933.0
25
9923.0 6733.0
25
11475.0 9001.0
25
2025.0 2425.0
25
2936.0 2883.0
25
1674.0 1930.0
25
5655.0 3095.0
25
2406.0 1116.0
25
1888.0 5950.0
25
4321.0 2785.0
25
7293.0 1465.0
25
1420.0 1071.0
25
1845.0 2263.0
25
2197.0 1457.0
25
3556.0 3456.0
25
1959.0 614.0
25
751.0 1369.0
25
7313.0 2370.0
25
2171.0 1930.0
25
3069.0 1596.0
25
2307.0 2219.0
25
2327.0 2081.0
25
3740.0 986.0
25
2601.0 1107.0
25
2265.0 1935.0
25
3233.0 4196.0
25
784.0 219.0
25
2795.0 1287.0
25
3412.0 4140.0
25
2737.0 1625.0
25
2200.0 728.0
25
5710.0 2686.0
25
1678.0 1670.0
25
11149.0 2993.0
25
4775.0 1362.0
25
6551.0 1802.0
25
2392.0 3049.0
25
3390.0 713.0
25
1809.0 2193.0
25
7039.0 10870.0
25
2664.0 1170.0
25
1096.0 406.0
25
2177.0 3772.0
25
2773.0 2608.0
25
3620.0 1449.0
25
5532.0 1413.0
25
4659.0 3639.0
25
7173.0 3382.0
25
13267.0 14913.0
25
2874.0 1428.0
25
3994.0 3804.0
25
2713.0 933.0
25
2060.0 1757.0
25
2279.0 5901.0
25
3698.0 2201.0
25
4194.0 1023.0
25
4889.0 2931.0
25
4265.0 1973.0
25
816.0 685.0
25
1593.0 3028.0
25
1189.0 940.0
25
3881.0 2000.0
25
3290.0 2157.0
25
2424.0 4899.0
25
3279.0 2025.0
25
4964.0 4250.0
25
1570.0 1046.0
25
1392.0 1333.0
25
1818.0 6277.0
25
1847.0 1691.0
25
195.0 300.0
25
3247.0 3678.0
25
7435.0 3637.0
25
5425.0 2489.0
25
3910.0 4031.0
25
7084.0 7619.0
25
5503.0 7029.0
25
7482.0 12874.0
25
3650.0 1400.0
25
2388.0 4676.0
25
7473.0 2399.0
25
2969.0 3879.0
25
2501.0 6427.0
25
6393.0 2363.0
25
15524.0 5944.0
25
5201.0 7758.0
25
3242.0 4307.0
25
5172.0 3248.0
25
7964.0 4913.0
25
5698.0 2578.0
25
5897.0 2637.0
25
2956.0 1295.0
25
2546.0 2787.0
25
2142.0 1770.0
25
4666.0 5789.0
25
2124.0 2807.0
25
2148.0 2766.0
25
5768.0 7036.0
25
4863.0 2673.0
25
2366.0 2162.0
25
3757.0 3090.0
25
2056.0 1718.0
25
2762.0 1829.0
25
3617.0 5330.0
25
5919.0 2168.0
25
9575.0 23330.0
25
8001.0 4386.0
25
1578.0 1206.0
25
4059.0 5215.0
25
1504.0 1476.0
25
1955.0 1705.0
25
2377.0 1615.0
25
19826.0 24740.0
25
40648.0 13445.0
25
14933.0 3463.0
25
9463.0 7732.0
25
16329.0 3280.0
25
9996.0 5549.0
25
3914.0 7293.0
25
3068.0 517.0
25
6370.0 4647.0
25
16878.0 5158.0
25
19685.0 22925.0
25
28468.0 3377.0
25
22368.0 13394.0
25
16918.0 9873.0
25
11536.0 7772.0
25
12329.0 8084.0
25
11840.0 2700.0
25
24186.0 3341.0
25
8158.0 7880.0
25
13890.0 5927.0
25
4311.0 2527.0
25
16179.0 8056.0
25
20489.0 16876.0
25
48974.0 27659.0
25
12005.0 6259.0
25
8375.0 5260.0
25
17082.0 10208.0
25
18104.0 8186.0
25
12330.0 4066.0
25
12258.0 9333.0
25
3336.0 2478.0
25
4059.0 1572.0
25
11014.0 5073.0
25
695.0 752.0
25
8371.0 3361.0
25
15636.0 2184.0
25
18846.0 3944.0
25
6720.0 2429.0
25
11324.0 6303.0
25
10270.0 4843.0
25
2469.0 1168.0
25
25685.0 5572.0
25
3257.0 1801.0
25
14410.0 5727.0
25
23392.0 31751.0
25
2103.0 4089.0
25
7447.0 6853.0
25
33683.0 7405.0
25
8385.0 3928.0
25
5604.0 12310.0
25
7614.0 4594.0
25
17292.0 13084.0
25
15200.0 3593.0
25
5481.0 3591.0
25
4315.0 2410.0
25
14663.0 9724.0
25
26954.0 19594.0
25
26104.0 10199.0
25
4382.0 6176.0
25
1104.0 1669.0
25
1312.0 1212.0
25
9662.0 6056.0
25
15208.0 6037.0
25
12877.0 6370.0
25
6153.0 5438.0
25
5562.0 6465.0
25
3586.0 3459.0
25
7024.0 7685.0
25
8387.0 3652.0
25
10317.0 10688.0
25
7049.0 12848.0
25
9385.0 5535.0
25
10560.0 5291.0
25
5889.0 7764.0
25
890.0 225.0
25
3368.0 4710.0
25
3414.0 3625.0
26
4298.0 6536.0
26
5101.0 1335.0
26
4831.0 2794.0
26
7358.0 1343.0
26
3685.0 1097.0
26
1700.0 2483.0
26
1997.0 547.0
26
2623.0 1600.0
26
4335.0 1604.0
26
2513.0 2303.0
26
5307.0 5443.0
26
2597.0 989.0
26
2668.0 1277.0
26
1642.0 1482.0
26
11450.0 2997.0
26
3793.0 2495.0
26
11129.0 2826.0
26
3067.0 5796.0
26
5611.0 7708.0
26
15899.0 18036.0
26
14458.0 13622.0
26
16580.0 9633.0
26
22929.0 13560.0
26
3851.0 2684.0
26
9270.0 3935.0
26
9014.0 22244.0
26
3559.0 1137.0
26
7597.0 3614.0
26
8253.0 2650.0
26
3176.0 4194.0
26
5145.0 1964.0
26
6217.0 3427.0
26
3221.0 852.0
26
4851.0 2586.0
26
1851.0 2100.0
26
3487.0 7132.0
26
1641.0 1758.0
26
2985.0 7820.0
26
8903.0 8665.0
26
2970.0 5231.0
26
12325.0 3731.0
26
2361.0 3760.0
26
143464.0 47198.0
26
118840.0 19778.0
26
28804.0 10044.0
26
4475.0 5525.0
26
28223.0 12997.0
26
20200.0 20316.0
26
8186.0 6149.0
26
6499.0 3012.0
26
4003.0 3682.0
26
2934.0 2613.0
26
4048.0 1889.0
26
2183.0 3283.0
26
4775.0 2601.0
26
1663.0 5176.0
26
4840.0 3201.0
26
8433.0 2127.0
26
1001.0 967.0
26
6104.0 6151.0
26
1404.0 2731.0
26
8380.0 9155.0
26
1905.0 3339.0
26
13255.0 11605.0
26
4902.0 4536.0
26
6110.0 2747.0
26
6177.0 4207.0
26
27472.0 11109.0
26
11373.0 1555.0
26
16937.0 6789.0
26
18468.0 5467.0
26
15576.0 7861.0
26
10812.0 6001.0
26
3087.0 4113.0
26
7813.0 3331.0
26
2961.0 2446.0
26
1698.0 1707.0
26
4816.0 2254.0
26
3511.0 1230.0
26
5925.0 7607.0
26
1441.0 2329.0
26
10005.0 10078.0
26
8730.0 5233.0
26
1522.0 1104.0
26
3882.0 8220.0
26
29062.0 21410.0
26
13410.0 16939.0
26
1882.0 1874.0
26
12088.0 8488.0
26
2691.0 864.0
26
2506.0 2291.0
26
3385.0 1948.0
26
1871.0 2075.0
26
16101.0 10078.0
26
1690.0 1918.0
26
4496.0 3715.0
26
3019.0 2518.0
26
959.0 449.0
26
2042.0 2352.0
26
1902.0 1495.0
26
6983.0 5241.0
26
1176.0 3474.0
26
703.0 761.0
26
4264.0 1829.0
26
2431.0 3938.0
26
6868.0 8021.0
26
1974.0 1510.0
26
2572.0 1643.0
26
2214.0 4498.0
26
5373.0 2037.0
26
261.0 352.0
26
1973.0 1797.0
26
2224.0 4413.0
26
3968.0 1729.0
26
3691.0 3548.0
26
1827.0 1738.0
26
5707.0 1651.0
26
1430.0 1903.0
26
3357.0 4013.0
26
5054.0 1149.0
26
4421.0 1850.0
26
2550.0 2098.0
26
2285.0 826.0
26
5879.0 2104.0
26
5969.0 4764.0
26
8367.0 7080.0
26
1238.0 566.0
26
1256.0 1470.0
26
6016.0 17398.0
26
3133.0 3008.0
26
3243.0 4408.0
26
12193.0 4998.0
26
1997.0 2893.0
26
4380.0 4265.0
26
5601.0 5709.0
26
2204.0 1693.0
26
2558.0 1347.0
26
2728.0 1664.0
26
6084.0 2148.0
26
3585.0 7598.0
26
5087.0 2927.0
26
4074.0 2475.0
26
3514.0 1494.0
26
5246.0 2925.0
26
5389.0 2295.0
26
4306.0 2354.0
26
3563.0 3033.0
26
1501.0 1249.0
26
6214.0 1744.0
26
5724.0 6674.0
26
3186.0 1868.0
26
1904.0 1258.0
26
4016.0 1994.0
26
5247.0 4957.0
26
15672.0 15585.0
26
7090.0 7007.0
26
6738.0 8837.0
26
10008.0 5877.0
26
124987.0 20896.0
26
1324.0 545.0
26
6284.0 1885.0
26
6302.0 11230.0
26
5697.0 6470.0
26
14024.0 5344.0
26
10635.0 13059.0
26
9947.0 11285.0
26
6613.0 7524.0
26
12885.0 7504.0
26
17818.0 6358.0
26
5300.0 5267.0
26
5977.0 1120.0
26
2608.0 1823.0
26
2073.0 1395.0
26
5300.0 2807.0
26
10131.0 4021.0
26
10083.0 9132.0
26
2228.0 4133.0
26
6936.0 4202.0
26
2439.0 1008.0
26
2397.0 3086.0
26
4261.0 1111.0
26
3521.0 1925.0
26
15184.0 8184.0
26
4110.0 5035.0
26
2751.0 2135.0
26
8148.0 3964.0
26
1731.0 1221.0
26
4165.0 1240.0
26
9854.0 3887.0
26
9562.0 7920.0
26
2442.0 490.0
26
5214.0 11057.0
26
16831.0 3836.0
26
48325.0 7162.0
26
13908.0 4635.0
26
3165.0 1987.0
26
3824.0 1531.0
26
3016.0 1228.0
26
16088.0 10931.0
26
4215.0 1820.0
26
21001.0 5576.0
26
15223.0 8835.0
26
30960.0 9747.0
26
7967.0 12396.0
26
5878.0 2642.0
26
11675.0 11631.0
26
21795.0 3260.0
26
13360.0 12025.0
26
18042.0 5400.0
26
4339.0 842.0
26
13648.0 7554.0
26
19474.0 17875.0
26
48856.0 16467.0
26
5840.0 5373.0
26
16546.0 30876.0
26
7134.0 7126.0
26
1111.0 2181.0
26
12978.0 3574.0
26
15916.0 15899.0
26
20834.0 14339.0
26
18305.0 13828.0
26
20148.0 15186.0
26
12048.0 8075.0
26
10744.0 8011.0
26
20515.0 3741.0
26
7907.0 2291.0
26
7725.0 5108.0
26
13594.0 3324.0
26
6662.0 4318.0
26
1813.0 1027.0
26
31471.0 25153.0
26
13316.0 7146.0
26
1164.0 3909.0
26
1142.0 1144.0
26
16805.0 13092.0
26
2900.0 3681.0
26
3618.0 2995.0
26
11837.0 25012.0
26
15525.0 9079.0
26
23586.0 12672.0
26
7306.0 8128.0
26
29873.0 21492.0
26
10381.0 13053.0
26
5533.0 10139.0
26
6052.0 16738.0
26
10689.0 14673.0
26
6407.0 14931.0
26
37303.0 18973.0
26
16445.0 11750.0
26
12292.0 8811.0
26
8506.0 7931.0
26
3893.0 1588.0
26
2601.0 1714.0
26
5595.0 2500.0
26
12170.0 18153.0
26
38324.0 23055.0
26
15597.0 10289.0
26
6415.0 2532.0
26
22960.0 5783.0
26
8262.0 11572.0
26
10746.0 5798.0
26
3219.0 9674.0
26
11121.0 6137.0
26
19203.0 8967.0
26
8864.0 7582.0
26
7500.0 3324.0
26
2616.0 609.0
26