5839 2 1
2310.0 2681.0
0
5885.0 3900.0
0
6731.0 1726.0
0
18222.0 10083.0
0
17048.0 12192.0
0
1238.0 1085.0
0
2894.0 3239.0
0
3318.0 1729.0
0
9881.0 7860.0
0
2090.0 709.0
0
13911.0 3875.0
0
2693.0 4908.0
0
4063.0 2399.0
0
9261.0 3332.0
0
5667.0 824.0
0
3253.0 1528.0
0
5088.0 4267.0
0
1177.0 2942.0
0
2492.0 518.0
0
7153.0 2904.0
0
7339.0 2238.0
0
14360.0 5121.0
0
15194.0 21896.0
0
14009.0 5387.0
0
14180.0 21617.0
0
4064.0 2572.0
0
1414.0 1831.0
0
3555.0 6075.0
0
3641.0 2284.0
0
2519.0 496.0
0
1024.0 1799.0
0
4437.0 1621.0
0
16668.0 10759.0
0
2426.0 3070.0
0
944.0 453.0
0
2215.0 3314.0
0
1456.0 1409.0
0
2028.0 2869.0
0
2508.0 3051.0
0
11957.0 11473.0
0
2109.0 3983.0
0
2212.0 1912.0
0
9167.0 5665.0
0
3310.0 3158.0
0
6281.0 5783.0
0
21387.0 9947.0
0
19252.0 11798.0
0
13615.0 4764.0
0
21815.0 19962.0
0
21517.0 11942.0
0
28864.0 7820.0
0
892.0 543.0
0
3055.0 2073.0
0
2184.0 1488.0
0
2623.0 1937.0
0
597.0 668.0
0
2397.0 3289.0
0
648.0 1192.0
0
10712.0 1604.0
0
2941.0 1694.0
0
5037.0 5888.0
0
6737.0 6328.0
0
899.0 936.0
0
4874.0 2504.0
0
4114.0 7708.0
0
4408.0 2425.0
0
5077.0 5131.0
0
5958.0 3432.0
0
3206.0 2617.0
0
1310.0 1029.0
0
2650.0 2360.0
0
2131.0 1603.0
0
4429.0 1485.0
0
4075.0 1104.0
0
5328.0 3623.0
0
3915.0 1697.0
0
8492.0 4334.0
0
8728.0 3349.0
0
2135.0 1963.0
0
9281.0 7507.0
0
18782.0 5463.0
0
8171.0 2214.0
0
5050.0 3546.0
0
4229.0 1760.0
0
2937.0 4015.0
0
782.0 430.0
0
11249.0 8936.0
0
13455.0 2238.0
0
26446.0 11426.0
0
20914.0 10860.0
0
39047.0 20708.0
0
19091.0 2706.0
0
2182.0 1031.0
0
21715.0 8466.0
0
3463.0 2074.0
0
11255.0 6558.0
0
482.0 469.0
0
3715.0 2083.0
0
4531.0 2972.0
0
6556.0 6760.0
0
3363.0 3995.0
0
1939.0 801.0
0
9610.0 6385.0
0
175.0 303.0
0
5133.0 8376.0
0
180918.0 230544.0
0
8258.0 3980.0
0
8797.0 11567.0
0
9475.0 9796.0
0
3902.0 2041.0
0
45055.0 35910.0
0
15210.0 7704.0
0
6104.0 2292.0
0
3095.0 1846.0
0
8819.0 7295.0
0
6640.0 3066.0
0
1104.0 7659.0
0
20975.0 11521.0
0
10981.0 4591.0
0
13673.0 13868.0
0
2825.0 982.0
0
1687.0 1645.0
0
438.0 431.0
0
1757.0 1421.0
0
22114.0 5766.0
0
4727.0 5396.0
0
16185.0 15333.0
0
10419.0 5065.0
0
18313.0 4834.0
0
24000.0 14627.0
0
1487.0 2439.0
0
15754.0 15289.0
0
12243.0 12171.0
0
1152.0 1084.0
0
7952.0 24693.0
0
30241.0 14547.0
0
3536.0 2927.0
0
9916.0 5262.0
0
17447.0 10544.0
0
6825.0 6148.0
0
7695.0 3447.0
0
11897.0 9644.0
0
23569.0 6772.0
0
6404.0 15844.0
0
8163.0 4362.0
0
4276.0 2538.0
0
7988.0 6714.0
0
6387.0 8193.0
0
8738.0 8977.0
0
4537.0 13432.0
0
22460.0 14537.0
0
7125.0 2218.0
0
14175.0 6745.0
0
4546.0 4976.0
0
17320.0 15972.0
0
15172.0 10666.0
0
5486.0 3761.0
0
4571.0 1218.0
0
1880.0 3067.0
0
1820.0 1361.0
0
4285.0 2401.0
0
6826.0 27718.0
0
1578.0 1710.0
0
5557.0 9986.0
0
4558.0 2523.0
0
18901.0 19903.0
0
10562.0 17368.0
0
10338.0 4407.0
0
1451.0 2908.0
0
2205.0 964.0
0
1585.0 5256.0
0
3620.0 4726.0
0
17324.0 4077.0
0
1405.0 1101.0
0
3596.0 7807.0
0
83728.0 40998.0
0
11109.0 4057.0
0
5112.0 3535.0
0
4026.0 6103.0
0
276.0 161.0
0
816.0 703.0
0
1542.0 1417.0
0
4078.0 2179.0
0
4278.0 1836.0
0
5747.0 1813.0
0
3262.0 1710.0
0
1733.0 1337.0
0
832.0 830.0
0
13738.0 7785.0
0
1654.0 1704.0
0
5070.0 3770.0
0
3737.0 2916.0
0
1678.0 3012.0
0
1727.0 1421.0
0
2614.0 2603.0
0
2919.0 2510.0
0
5693.0 4460.0
0
3880.0 3292.0
0
15220.0 16875.0
0
601.0 3711.0
0
2499.0 1122.0
0
11094.0 10104.0
0
7605.0 3155.0
0
9948.0 3250.0
0
27097.0 5921.0
0
3627.0 1837.0
0
4293.0 1718.0
0
18882.0 4425.0
0
1497.0 553.0
0
28099.0 8924.0
0
10204.0 2228.0
0
626.0 1533.0
0
6840.0 1327.0
0
2592.0 1351.0
0
9626.0 6890.0
0
21644.0 3592.0
0
15213.0 9851.0
0
3222.0 3703.0
0
13881.0 9153.0
0
2324.0 9749.0
0
8867.0 1647.0
0
5933.0 3268.0
0
9756.0 1953.0
0
9106.0 6396.0
0
2206.0 684.0
0
15929.0 7678.0
0
4215.0 2464.0
0
7516.0 7403.0
0
58612.0 48514.0
0
13330.0 9152.0
0
16337.0 11520.0
0
59010.0 18075.0
0
633.0 1582.0
0
5050.0 5937.0
0
5784.0 4222.0
0
9215.0 3784.0
0
5346.0 5488.0
0
9511.0 2486.0
0
3907.0 7409.0
0
13645.0 9844.0
0
306.0 325.0
0
16919.0 6184.0
0
6853.0 5214.0
0
39631.0 10491.0
0
7602.0 1643.0
0
5872.0 4057.0
0
2532.0 2160.0
0
12520.0 9876.0
0
13879.0 14103.0
0
6306.0 3332.0
0
11535.0 3322.0
0
8764.0 2868.0
0
6428.0 7103.0
0
25797.0 4225.0
0
34749.0 4612.0
0
5575.0 6502.0
0
12864.0 5985.0
0
21080.0 8987.0
0
1632.0 1995.0
0
9579.0 5977.0
0
5657.0 3397.0
0
8702.0 5302.0
0
7474.0 9473.0
0
3209.0 867.0
0
4066.0 4704.0
0
8291.0 1336.0
0
12743.0 5937.0
0
2347.0 1442.0
0
3108.0 552.0
0
23230.0 8652.0
0
1388.0 1638.0
0
5287.0 1807.0
0
3721.0 2850.0
0
6003.0 11253.0
0
2541.0 2261.0
1
3557.0 2798.0
1
4776.0 6081.0
1
2587.0 4018.0
1
17323.0 3755.0
1
5116.0 3652.0
1
10152.0 4840.0
1
5658.0 1414.0
1
1450.0 942.0
1
2742.0 3521.0
1
7990.0 944.0
1
8211.0 3766.0
1
5475.0 3150.0
1
7638.0 3549.0
1
5526.0 2320.0
1
3155.0 1127.0
1
2575.0 2883.0
1
2693.0 1886.0
1
1519.0 725.0
1
12814.0 3756.0
1
12461.0 4373.0
1
6753.0 5836.0
1
12034.0 4851.0
1
12681.0 10616.0
1
32599.0 15050.0
1
3444.0 2642.0
1
4261.0 3559.0
1
4012.0 2200.0
1
2066.0 4309.0
1
1010.0 738.0
1
3984.0 2356.0
1
1799.0 2680.0
1
6514.0 8747.0
1
702.0 876.0
1
3015.0 3941.0
1
1912.0 3001.0
1
3144.0 1538.0
1
952.0 1420.0
1
2393.0 1139.0
1
962.0 638.0
1
1327.0 773.0
1
6465.0 1634.0
1
6060.0 5220.0
1
4174.0 3966.0
1
6714.0 5573.0
1
9995.0 7215.0
1
15758.0 15403.0
1
22334.0 5714.0
1
2908.0 4606.0
1
1499.0 1977.0
1
4937.0 5526.0
1
837.0 450.0
1
2181.0 760.0
1
2133.0 1538.0
1
5767.0 3050.0
1
2289.0 2341.0
1
2966.0 6302.0
1
906.0 626.0
1
6809.0 4651.0
1
3360.0 3756.0
1
1740.0 2499.0
1
8208.0 2228.0
1
3985.0 3181.0
1
6267.0 3699.0
1
6455.0 2243.0
1
3085.0 1329.0
1
6045.0 2067.0
1
5669.0 2129.0
1
7764.0 3143.0
1
3164.0 3042.0
1
1926.0 499.0
1
1959.0 1112.0
1
4060.0 2685.0
1
1018.0 567.0
1
2392.0 2763.0
1
9070.0 6506.0
1
1122.0 306.0
1
8591.0 3641.0
1
4375.0 2578.0
1
1026.0 512.0
1
7847.0 4884.0
1
12038.0 4105.0
1
4872.0 8484.0
1
3785.0 3758.0
1
7085.0 3411.0
1
2422.0 2488.0
1
5284.0 3131.0
1
13006.0 5742.0
1
563.0 383.0
1
13042.0 5791.0
1
13136.0 7871.0
1
22999.0 7377.0
1
9236.0 4426.0
1
3451.0 2469.0
1
6190.0 2366.0
1
3585.0 1072.0
1
3450.0 2130.0
1
5440.0 3140.0
1
2636.0 1099.0
1
6045.0 3193.0
1
7881.0 6513.0
1
4259.0 2241.0
1
5470.0 3760.0
1
6524.0 4330.0
1
8034.0 2123.0
1
7903.0 3032.0
1
12340.0 6865.0
1
4105.0 3492.0
1
7721.0 4034.0
1
3943.0 3250.0
1
17228.0 9359.0
1
4500.0 1164.0
1
18060.0 7304.0
1
10578.0 4582.0
1
9667.0 6388.0
1
7450.0 2456.0
1
5392.0 2903.0
1
1052.0 520.0
1
3978.0 3610.0
1
1960.0 1242.0
1
643.0 471.0
1
4293.0 2624.0
1
1361.0 753.0
1
7163.0 3162.0
1
2674.0 2424.0
1
5156.0 7810.0
1
9045.0 3147.0
1
3009.0 1926.0
1
2352.0 1850.0
1
2244.0 4404.0
1
5496.0 1726.0
1
4162.0 1821.0
1
7685.0 3164.0
1
4659.0 2202.0
1
1597.0 1666.0
1
1228.0 1240.0
1
1680.0 588.0
1
3142.0 6222.0
1
8026.0 7419.0
1
6031.0 18394.0
1
8917.0 3708.0
1
7704.0 2893.0
1
3046.0 1985.0
1
4256.0 3845.0
1
2936.0 4438.0
1
10410.0 4072.0
1
7435.0 5555.0
1
5282.0 3914.0
1
7212.0 1513.0
1
4932.0 10673.0
1
3172.0 3943.0
1
5964.0 6941.0
1
7939.0 7153.0
1
5791.0 3093.0
1
1668.0 1823.0
1
6918.0 9065.0
1
8294.0 8327.0
1
5943.0 4748.0
1
3174.0 6713.0
1
7856.0 2973.0
1
9186.0 6081.0
1
4332.0 2915.0
1
6281.0 3624.0
1
5717.0 5793.0
1
17403.0 33242.0
1
35170.0 13910.0
1
3034.0 1509.0
1
4782.0 4748.0
1
6019.0 6267.0
1
11615.0 9062.0
1
8409.0 3977.0
1
12493.0 11515.0
1
4857.0 2074.0
1
10176.0 5086.0
1
6729.0 3687.0
1
7898.0 9474.0
1
14354.0 5476.0
1
8378.0 9954.0
1
5940.0 1906.0
1
5108.0 6080.0
1
2836.0 2471.0
1
4250.0 2751.0
1
4965.0 1833.0
1
1729.0 5560.0
1
4582.0 2345.0
1
2128.0 3145.0
1
2707.0 2631.0
1
3612.0 2794.0
1
5417.0 1434.0
1
7226.0 3105.0
1
8170.0 14578.0
1
2189.0 1996.0
1
9602.0 3643.0
1
1294.0 1884.0
1
5209.0 2298.0
1
1543.0 2701.0
1
3934.0 1722.0
1
3987.0 1306.0
1
2412.0 942.0
1
2045.0 2078.0
1
5252.0 2990.0
1
3238.0 952.0
1
6459.0 1495.0
1
1486.0 924.0
1
12236.0 6849.0
1
15126.0 8405.0
1
12396.0 4984.0
1
6835.0 2478.0
1
2311.0 1863.0
1
5607.0 12061.0
1
7281.0 13418.0
1
16548.0 9606.0
1
35921.0 20225.0
1
4465.0 1925.0
1
18948.0 6109.0
1
5793.0 2817.0
1
9970.0 14071.0
1
17795.0 4967.0
1
34774.0 30319.0
1
16056.0 6042.0
1
3178.0 1085.0
1
6160.0 6887.0
1
29000.0 34094.0
1
4184.0 2480.0
1
15698.0 4157.0
1
17890.0 4256.0
1
3117.0 1296.0
1
9536.0 297.0
1
9278.0 8673.0
1
8540.0 10660.0
1
19552.0 25948.0
1
7421.0 4073.0
1
2641.0 2523.0
1
7703.0 2528.0
1
11732.0 16985.0
1
21894.0 6656.0
1
15795.0 6796.0
1
21088.0 2184.0
1
873.0 1889.0
1
1752.0 1177.0
1
17272.0 4677.0
1
6717.0 5489.0
1
1734.0 1086.0
1
29904.0 7878.0
1
9111.0 4520.0
1
10277.0 10131.0
1
4595.0 1622.0
1
7193.0 3122.0
1
10415.0 6884.0
1
11952.0 7081.0
1
11372.0 10864.0
1
29558.0 12075.0
1
13878.0 5670.0
1
2835.0 3088.0
1
24734.0 17039.0
1
157585.0 73309.0
1
1932.0 850.0
1
9621.0 5419.0
1
24319.0 13594.0
1
2545.0 6733.0
1
12804.0 13823.0
1
2908.0 4863.0
1
26734.0 10128.0
1
3457.0 7911.0
1
1319.0 2387.0
1
5279.0 7208.0
1
27480.0 8148.0
1
9229.0 5859.0
1
6395.0 4339.0
1
9738.0 6677.0
1
20372.0 3895.0
1
34935.0 41148.0
1
2242.0 1084.0
1
10875.0 7404.0
1
3657.0 2048.0
1
22066.0 20401.0
1
2258.0 1037.0
1
15391.0 7047.0
1
5706.0 5758.0
1
14686.0 8211.0
1
1325.0 3677.0
2
3508.0 4369.0
2
7384.0 2397.0
2
10852.0 4544.0
2
5999.0 2902.0
2
13268.0 12685.0
2
4839.0 2569.0
2
616.0 479.0
2
4264.0 1533.0
2
12308.0 2629.0
2
12307.0 4118.0
2
846.0 1066.0
2
10636.0 2895.0
2
4711.0 3770.0
2
1677.0 3499.0
2
2235.0 1379.0
2
485.0 184.0
2
4416.0 1890.0
2
5213.0 1801.0
2
7983.0 2900.0
2
15490.0 4468.0
2
2178.0 2877.0
2
19117.0 10217.0
2
8426.0 9323.0
2
11423.0 10139.0
2
2769.0 2203.0
2
1916.0 2227.0
2
1805.0 995.0
2
1288.0 1252.0
2
8007.0 3927.0
2
8380.0 4402.0
2
2967.0 1575.0
2
5125.0 2319.0
2
14989.0 10542.0
2
2338.0 4845.0
2
1349.0 2183.0
2
2972.0 1078.0
2
2046.0 1854.0
2
1908.0 3030.0
2
4076.0 1713.0
2
2018.0 538.0
2
3528.0 1752.0
2
2902.0 2960.0
2
3070.0 1735.0
2
31955.0 15802.0
2
14675.0 9816.0
2
45480.0 23218.0
2
16213.0 5967.0
2
3230.0 1353.0
2
10058.0 13530.0
2
39886.0 15322.0
2
9163.0 5680.0
2
4606.0 4257.0
2
3209.0 2262.0
2
8272.0 1182.0
2
3140.0 1975.0
2
855.0 735.0
2
2817.0 1522.0
2
2845.0 1902.0
2
5311.0 1592.0
2
3703.0 1874.0
2
3415.0 5223.0
2
1863.0 2539.0
2
3818.0 5128.0
2
3380.0 2197.0
2
2610.0 2767.0
2
4811.0 1349.0
2
1852.0 567.0
2
4178.0 2821.0
2
6391.0 3481.0
2
4830.0 1631.0
2
2819.0 3970.0
2
2284.0 2087.0
2
4044.0 1392.0
2
4064.0 3440.0
2
240541.0 63977.0
2
1587.0 1274.0
2
1068.0 351.0
2
3150.0 2162.0
2
2405.0 6022.0
2
11415.0 3676.0
2
6329.0 2811.0
2
8748.0 4153.0
2
6916.0 7673.0
2
4872.0 8164.0
2
7221.0 2941.0
2
5866.0 3852.0
2
6242.0 8425.0
2
5418.0 5760.0
2
1789.0 774.0
2
6870.0 5447.0
2
1512.0 2425.0
2
5092.0 2974.0
2
2686.0 1020.0
2
2628.0 3480.0
2
5959.0 2268.0
2
3003.0 1448.0
2
3723.0 1147.0
2
2338.0 2402.0
2
22884.0 14135.0
2
16820.0 6778.0
2
7840.0 2415.0
2
4323.0 2683.0
2
924.0 1399.0
2
449.0 119.0
2
2288.0 1300.0
2
2710.0 2549.0
2
9755.0 6779.0
2
11296.0 3206.0
2
8759.0 5190.0
2
42813.0 13244.0
2
2882.0 933.0
2
5478.0 4224.0
2
5046.0 5855.0
2
6604.0 2478.0
2
3132.0 2574.0
2
2634.0 2456.0
2
1640.0 741.0
2
8345.0 8142.0
2
6142.0 14589.0
2
9582.0 5678.0
2
2199.0 1656.0
2
5819.0 4775.0
2
14350.0 21020.0
2
6220.0 3613.0
2
7348.0 3615.0
2
3761.0 2193.0
2
1754.0 1297.0
2
2150.0 2270.0
2
5700.0 1584.0
2
17216.0 11560.0
2
1689.0 2442.0
2
5757.0 4934.0
2
655.0 548.0
2
2011.0 2217.0
2
6133.0 3742.0
2
4090.0 2699.0
2
13145.0 5535.0
2
775.0 301.0
2
13209.0 6630.0
2
7484.0 1414.0
2
1559.0 6012.0
2
7578.0 6633.0
2
7628.0 3913.0
2
8424.0 13191.0
2
15266.0 8865.0
2
531.0 323.0
2
10831.0 3678.0
2
3023.0 3360.0
2
3054.0 3327.0
2
6703.0 4026.0
2
3788.0 1929.0
2
5681.0 4637.0
2
3141.0 4691.0
2
7959.0 4163.0
2
4414.0 8457.0
2
5639.0 6448.0
2
26590.0 16398.0
2
1543.0 4356.0
2
10338.0 20953.0
2
3776.0 2623.0
2
27948.0 5385.0
2
4233.0 3792.0
2
2951.0 1289.0
2
5569.0 2381.0
2
2381.0 5038.0
2
12314.0 2562.0
2
3453.0 2120.0
2
4512.0 2831.0
2
2815.0 1389.0
2
6514.0 3562.0
2
2828.0 4316.0
2
412.0 188.0
2
3917.0 2851.0
2
992.0 527.0
2
11750.0 4278.0
2
4512.0 2535.0
2
5778.0 3215.0
2
10494.0 2732.0
2
2288.0 1683.0
2
5000.0 1714.0
2
3159.0 3056.0
2
1723.0 1539.0
2
1455.0 1322.0
2
3033.0 1243.0
2
5480.0 2353.0
2
6488.0 7271.0
2
582.0 509.0
2
3916.0 4857.0
2
4882.0 5915.0
2
4348.0 2655.0
2
5365.0 1372.0
2
2671.0 2749.0
2
2484.0 2066.0
2
7043.0 1857.0
2
4038.0 2117.0
2
5518.0 1722.0
2
1092.0 678.0
2
1391.0 1267.0
2
11007.0 4540.0
2
28023.0 10149.0
2
16224.0 4625.0
2
4148.0 3613.0
2
5826.0 8019.0
2
14797.0 3605.0
2
3707.0 2889.0
2
14170.0 3689.0
2
4935.0 2402.0
2
4162.0 5202.0
2
56802.0 6164.0
2
9707.0 8297.0
2
6447.0 4622.0
2
8198.0 7753.0
2
8610.0 8020.0
2
9744.0 8028.0
2
9307.0 10195.0
2
40164.0 11291.0
2
27618.0 16110.0
2
25788.0 9134.0
2
35922.0 11657.0
2
17670.0 11373.0
2
30869.0 8068.0
2
1176.0 674.0
2
2090.0 2238.0
2
5205.0 6626.0
2
14955.0 7442.0
2
10805.0 5084.0
2
5454.0 6423.0
2
28774.0 13369.0
2
1416.0 962.0
2
30006.0 4893.0
2
13401.0 9169.0
2
13269.0 14811.0
2
13987.0 4133.0
2
8898.0 8531.0
2
7878.0 5274.0
2
5473.0 3072.0
2
751.0 513.0
2
8400.0 4453.0
2
52447.0 31045.0
2
817.0 395.0
2
7993.0 6438.0
2
2072.0 3627.0
2
18898.0 4899.0
2
18827.0 11531.0
2
4818.0 2496.0
2
7937.0 18725.0
2
22087.0 9675.0
2
9395.0 10079.0
2
4250.0 9215.0
2
23728.0 40222.0
2
35764.0 12289.0
2
50220.0 16553.0
2
12961.0 7113.0
2
3872.0 2425.0
2
18379.0 14400.0
2
14590.0 11413.0
2
19006.0 11018.0
2
3472.0 2066.0
2
10064.0 7297.0
2
6407.0 9339.0
2
4219.0 4920.0
2
11837.0 4185.0
2
24271.0 14904.0
2
7019.0 6256.0
2
25184.0 12041.0
2
10288.0 7382.0
2
8521.0 6261.0
2
7695.0 13225.0
2
3004.0 1973.0
2
23687.0 3964.0
2
5700.0 7203.0
2
12360.0 16456.0
2
8276.0 3126.0
2
11134.0 6402.0
2
1615.0 1491.0
2
19681.0 8021.0
2
3919.0 4487.0
3
2358.0 3986.0
3
919.0 457.0
3
5181.0 4104.0
3
33936.0 26610.0
3
16829.0 2152.0
3
6329.0 6821.0
3
5920.0 3864.0
3
2247.0 3537.0
3
3393.0 2391.0
3
1560.0 1188.0
3
4711.0 4767.0
3
8794.0 2266.0
3
1389.0 332.0
3
1436.0 3062.0
3
2663.0 2125.0
3
2867.0 2192.0
3
327.0 306.0
3
50479.0 49484.0
3
3028.0 2060.0
3
1422.0 473.0
3
3065.0 1714.0
3
4838.0 3088.0
3
4532.0 12244.0
3
5743.0 7055.0
3
3637.0 3433.0
3
2826.0 2083.0
3
2358.0 1097.0
3
1686.0 1180.0
3
2142.0 3203.0
3
2343.0 1136.0
3
1737.0 6278.0
3
2328.0 1415.0
3
6736.0 1834.0
3
29186.0 12440.0
3
3475.0 3135.0
3
1583.0 1896.0
3
1583.0 2005.0
3
2245.0 1759.0
3
1995.0 904.0
3
3015.0 6870.0
3
2935.0 1462.0
3
769.0 795.0
3
5252.0 1734.0
3
4186.0 4322.0
3
16843.0 32578.0
3
12893.0 15266.0
3
73125.0 40507.0
3
14762.0 28030.0
3
21299.0 9600.0
3
2626.0 2164.0
3
11384.0 3649.0
3
1475.0 889.0
3
4542.0 4133.0
3
2615.0 1859.0
3
2207.0 1310.0
3
1156.0 571.0
3
5011.0 2120.0
3
9909.0 4304.0
3
4622.0 2230.0
3
1595.0 689.0
3
11504.0 8038.0
3
11062.0 3031.0
3
8356.0 4803.0
3
2488.0 636.0
3
7502.0 3794.0
3
2751.0 2369.0
3
3182.0 1826.0
3
4779.0 7008.0
3
10905.0 5913.0
3
5086.0 4487.0
3
679.0 707.0
3
3656.0 1755.0
3
3898.0 2197.0
3
3570.0 2599.0
3
2530.0 1771.0
3
24725.0 11356.0
3
4974.0 2060.0
3
10113.0 9127.0
3
5003.0 7233.0
3
516.0 134.0
3
5525.0 4070.0
3
1823.0 3103.0
3
15378.0 8157.0
3
2406.0 1936.0
3
1332.0 4242.0
3
682.0 2082.0
3
19476.0 28926.0
3
6471.0 5536.0
3
1275.0 826.0
3
7429.0 12943.0
3
1737.0 1083.0
3
6556.0 9960.0
3
5280.0 1354.0
3
370.0 157.0
3
2444.0 2219.0
3
3313.0 4701.0
3
6138.0 4216.0
3
3456.0 3415.0
3
2716.0 3428.0
3
11531.0 4030.0
3
1131.0 560.0
3
2512.0 6234.0
3
6440.0 1537.0
3
296.0 280.0
3
3583.0 2386.0
3
783.0 780.0
3
3456.0 3512.0
3
4068.0 3377.0
3
673.0 505.0
3
13558.0 2598.0
3
7911.0 4543.0
3
3004.0 1479.0
3
3787.0 6044.0
3
3282.0 3044.0
3
3414.0 5752.0
3
1835.0 926.0
3
3743.0 2013.0
3
4864.0 5851.0
3
4993.0 2948.0
3
885.0 452.0
3
2002.0 2913.0
3
4486.0 4073.0
3
6956.0 4379.0
3
4096.0 6533.0
3
931.0 1130.0
3
3245.0 2910.0
3
3850.0 2793.0
3
12039.0 3950.0
3
4336.0 1665.0
3
4018.0 4822.0
3
4389.0 1095.0
3
4952.0 2916.0
3
4501.0 2538.0
3
2407.0 3634.0
3
1319.0 1901.0
3
5527.0 8399.0
3
1376.0 1139.0
3
3424.0 2306.0
3
15467.0 7063.0
3
5127.0 4472.0
3
3503.0 2923.0
3
1927.0 2569.0
3
20458.0 11443.0
3
4094.0 3369.0
3
6430.0 3209.0
3
4821.0 2827.0
3
4117.0 4328.0
3
3540.0 2876.0
3
14003.0 7584.0
3
2055.0 3455.0
3
9085.0 3045.0
3
924.0 2350.0
3
2167.0 3532.0
3
3066.0 2069.0
3
2032.0 3007.0
3
5470.0 3463.0
3
2577.0 1495.0
3
2086.0 564.0
3
3458.0 1355.0
3
5568.0 2439.0
3
11207.0 1865.0
3
4180.0 3250.0
3
18946.0 7182.0
3
2913.0 3508.0
3
902.0 387.0
3
6013.0 4042.0
3
3313.0 3878.0
3
5443.0 3102.0
3
1906.0 6973.0
3
10151.0 5029.0
3
7004.0 4045.0
3
6581.0 3138.0
3
4346.0 6500.0
3
8429.0 4177.0
3
4419.0 2787.0
3
1593.0 482.0
3
2145.0 1406.0
3
3137.0 2753.0
3
7116.0 2665.0
3
2560.0 2342.0
3
3640.0 2851.0
3
678.0 2048.0
3
755.0 502.0
3
2813.0 1352.0
3
3821.0 1271.0
3
4442.0 2723.0
3
15196.0 6607.0
3
1626.0 1364.0
3
14302.0 14066.0
3
4275.0 7052.0
3
8682.0 1345.0
3
2668.0 2963.0
3
5932.0 1530.0
3
2305.0 2381.0
3
1138.0 626.0
3
479.0 454.0
3
5231.0 3943.0
3
2995.0 1357.0
3
6405.0 2079.0
3
2923.0 634.0
3
10481.0 1744.0
3
7192.0 5529.0
3
5810.0 5341.0
3
10008.0 5628.0
3
5702.0 1394.0
3
17538.0 6519.0
3
15685.0 9696.0
3
11098.0 6399.0
3
26343.0 8170.0
3
6117.0 4589.0
3
23708.0 6052.0
3
1505.0 2490.0
3
7641.0 10203.0
3
23417.0 24882.0
3
8386.0 10682.0
3
10513.0 11395.0
3
16397.0 7937.0
3
9166.0 6361.0
3
6784.0 2723.0
3
2238.0 1972.0
3
14862.0 9312.0
3
5245.0 2072.0
3
24741.0 9276.0
3
13451.0 13208.0
3
3408.0 871.0
3
36938.0 10413.0
3
12136.0 8467.0
3
7807.0 20847.0
3
2693.0 1576.0
3
4515.0 6104.0
3
22551.0 5432.0
3
23579.0 6629.0
3
18996.0 7709.0
3
3570.0 1364.0
3
25199.0 7048.0
3
4500.0 1659.0
3
13910.0 3243.0
3
6721.0 5554.0
3
6957.0 3781.0
3
7641.0 7548.0
3
5968.0 2320.0
3
7682.0 7392.0
3
9012.0 5693.0
3
1422.0 792.0
3
9583.0 8460.0
3
16715.0 9610.0
3
8649.0 6942.0
3
28662.0 22175.0
3
4635.0 2170.0
3
7340.0 10214.0
3
3089.0 4005.0
3
1566.0 1203.0
3
17851.0 18205.0
3
2944.0 867.0
3
5494.0 2073.0
3
18842.0 15647.0
3
16049.0 9361.0
3
14268.0 8228.0
3
7330.0 8756.0
3
10542.0 9671.0
3
3295.0 1348.0
3
12558.0 25157.0
3
8134.0 8912.0
3
5023.0 11100.0
3
11665.0 5555.0
3
43644.0 35356.0
3
38221.0 23801.0
3
12312.0 3649.0
3
1245.0 2562.0
3
2106.0 937.0
3
4879.0 4852.0
3
5350.0 2170.0
3
8122.0 3412.0
3
7884.0 7881.0
3
2717.0 2492.0
3
5656.0 1462.0
3
10390.0 3520.0
3
11617.0 2369.0
3
3562.0 2498.0
3
7916.0 5054.0
3
1512.0 1157.0
4
11569.0 3606.0
4
380.0 119.0
4
1201.0 730.0
4
80533.0 79475.0
4
10810.0 4336.0
4
7931.0 2168.0
4
1855.0 1969.0
4
1305.0 591.0
4
1727.0 2160.0
4
2410.0 1655.0
4
2492.0 2761.0
4
4717.0 5222.0
4
3338.0 3465.0
4
1812.0 2071.0
4
1840.0 1274.0
4
2543.0 2980.0
4
2382.0 2886.0
4
2942.0 3994.0
4
2553.0 2803.0
4
1738.0 1507.0
4
3915.0 2219.0
4
14252.0 5795.0
4
18531.0 14433.0
4
10490.0 4108.0
4
9101.0 14751.0
4
3044.0 2200.0
4
1635.0 935.0
4
2548.0 1839.0
4
1247.0 2930.0
4
21460.0 2130.0
4
1772.0 5366.0
4
8726.0 3327.0
4
22845.0 11190.0
4
2864.0 3113.0
4
3626.0 1755.0
4
1107.0 1405.0
4
3044.0 922.0
4
3183.0 5808.0
4
12751.0 6407.0
4
6806.0 2052.0
4
4661.0 1910.0
4
5914.0 7109.0
4
5553.0 2540.0
4
8838.0 7144.0
4
10960.0 7890.0
4
12666.0 6041.0
4
14988.0 5301.0
4
8824.0 22714.0
4
1658.0 1496.0
4
19338.0 9230.0
4
490.0 307.0
4
2175.0 5003.0
4
9708.0 2444.0
4
6438.0 3921.0
4
4775.0 2410.0
4
2750.0 1216.0
4
2923.0 2735.0
4
3507.0 2133.0
4
3281.0 5054.0
4
3509.0 2038.0
4
5191.0 5195.0
4
2625.0 1633.0
4
3289.0 3112.0
4
1837.0 2885.0
4
1727.0 4283.0
4
2043.0 2856.0
4
3157.0 2419.0
4
1526.0 769.0
4
3028.0 3865.0
4
5425.0 1670.0
4
6453.0 4102.0
4
2632.0 1911.0
4
8511.0 1749.0
4
7647.0 4061.0
4
7264.0 4059.0
4
719.0 702.0
4
5685.0 3933.0
4
749.0 397.0
4
2116.0 1749.0
4
26689.0 24461.0
4
3083.0 1372.0
4
7033.0 4168.0
4
3603.0 3195.0
4
3855.0 3081.0
4
2286.0 2135.0
4
1108.0 1233.0
4
12182.0 13151.0
4
3687.0 2959.0
4
10354.0 8460.0
4
3285.0 2060.0
4
7255.0 4710.0
4
18670.0 5855.0
4
1825.0 1728.0
4
4252.0 1743.0
4
748.0 364.0
4
6994.0 7895.0
4
1504.0 356.0
4
3785.0 1124.0
4
6701.0 6066.0
4
5592.0 1587.0
4
4377.0 3770.0
4
3625.0 1286.0
4
2182.0 1103.0
4
2369.0 3381.0
4
4459.0 2359.0
4
3235.0 2460.0
4
2340.0 1279.0
4
2319.0 3592.0
4
12279.0 3960.0
4
14152.0 5698.0
4
821.0 571.0
4
6063.0 4024.0
4
6482.0 1731.0
4
22574.0 2953.0
4
4678.0 6432.0
4
3206.0 1100.0
4
3833.0 1430.0
4
4685.0 5795.0
4
2883.0 1881.0
4
2668.0 2181.0
4
913.0 325.0
4
2646.0 3780.0
4
10183.0 8449.0
4
4695.0 2810.0
4
7890.0 3534.0
4
13671.0 8398.0
4
8953.0 3881.0
4
3906.0 4549.0
4
4740.0 4894.0
4
1617.0 1405.0
4
2227.0 1717.0
4
2005.0 1269.0
4
3766.0 4949.0
4
2250.0 5405.0
4
3916.0 3556.0
4
2321.0 2154.0
4
10038.0 6654.0
4
2352.0 1341.0
4
5018.0 2939.0
4
6971.0 5081.0
4
5717.0 3747.0
4
1828.0 2438.0
4
7874.0 5894.0
4
2391.0 883.0
4
5403.0 4585.0
4
11453.0 22153.0
4
3692.0 5795.0
4
10285.0 7083.0
4
6177.0 3015.0
4
5981.0 10536.0
4
3586.0 3093.0
4
3151.0 1455.0
4
6923.0 7586.0
4
4318.0 3574.0
4
1690.0 2906.0
4
6818.0 2770.0
4
6364.0 2040.0
4
5392.0 1910.0
4
6713.0 11347.0
4
1142.0 2253.0
4
4057.0 6621.0
4
5370.0 13145.0
4
12732.0 8998.0
4
4576.0 9000.0
4
26095.0 7055.0
4
8383.0 2047.0
4
14657.0 12776.0
4
5044.0 5318.0
4
1744.0 1203.0
4
2836.0 3188.0
4
7629.0 8163.0
4
7337.0 4682.0
4
6108.0 1239.0
4
6690.0 4800.0
4
8460.0 6214.0
4
3250.0 4412.0
4
7017.0 1310.0
4
2689.0 1564.0
4
1253.0 1976.0
4
406.0 759.0
4
2079.0 1794.0
4
1884.0 989.0
4
6060.0 3059.0
4
3423.0 5429.0
4
4195.0 4409.0
4
2209.0 4749.0
4
996.0 791.0
4
3049.0 4228.0
4
2028.0 2940.0
4
2746.0 1022.0
4
1516.0 1999.0
4
2871.0 819.0
4
5107.0 3621.0
4
733.0 1221.0
4
3322.0 2234.0
4
4332.0 4257.0
4
4307.0 1691.0
4
6937.0 6866.0
4
10100.0 6272.0
4
16845.0 3202.0
4
6399.0 1170.0
4
19660.0 6894.0
4
12119.0 9654.0
4
9749.0 5361.0
4
7255.0 4219.0
4
24827.0 8488.0
4
21075.0 10286.0
4
13392.0 10206.0
4
9023.0 7215.0
4
3212.0 1108.0
4
2310.0 1467.0
4
24640.0 10055.0
4
5731.0 1096.0
4
23427.0 9108.0
4
3201.0 1403.0
4
2050.0 2977.0
4
22208.0 4071.0
4
16165.0 9804.0
4
24310.0 20598.0
4
27358.0 12492.0
4
1487.0 604.0
4
3717.0 1602.0
4
18164.0 6443.0
4
17859.0 3232.0
4
12805.0 2818.0
4
23248.0 7400.0
4
5610.0 7018.0
4
7765.0 6532.0
4
6039.0 4496.0
4
34386.0 31842.0
4
11781.0 3759.0
4
10137.0 6271.0
4
8635.0 4437.0
4
15485.0 3571.0
4
11663.0 4933.0
4
3105.0 5985.0
4
4931.0 3033.0
4
7823.0 5967.0
4
10731.0 3120.0
4
10870.0 10055.0
4
9167.0 4621.0
4
23806.0 10602.0
4
13167.0 8978.0
4
509.0 632.0
4
14688.0 8858.0
4
1879.0 2490.0
4
123505.0 102032.0
4
9592.0 6566.0
4
12759.0 12611.0
4
9822.0 13526.0
4
17376.0 15793.0
4
8446.0 4094.0
4
20180.0 10047.0
4
22175.0 11441.0
4
42347.0 21507.0
4
35735.0 8150.0
4
24824.0 12954.0
4
1916.0 1467.0
4
8902.0 4625.0
4
7381.0 8267.0
4
33858.0 21327.0
4
6887.0 6231.0
4
4636.0 15066.0
4
1362.0 2519.0
4
14001.0 4468.0
4
11531.0 7155.0
4
945.0 1156.0
4
12663.0 6458.0
4
9529.0 10120.0
4
21955.0 16101.0
4
1654.0 1406.0
4
18969.0 5578.0
4
5338.0 7509.0
4
20114.0 9102.0
4
5549.0 3301.0
5
912.0 148.0
5
8408.0 4948.0
5
26126.0 3457.0
5
9250.0 6034.0
5
2353.0 1698.0
5
478.0 2446.0
5
2520.0 724.0
5
831.0 2355.0
5
5073.0 2644.0
5
3946.0 1841.0
5
3899.0 1847.0
5
818.0 490.0
5
2467.0 2726.0
5
3588.0 2035.0
5
2547.0 811.0
5
3209.0 1664.0
5
2370.0 1672.0
5
2999.0 2253.0
5
4686.0 3264.0
5
4150.0 1863.0
5
2919.0 2939.0
5
9456.0 7389.0
5
28427.0 7295.0
5
4153.0 6867.0
5
6227.0 3985.0
5
2582.0 2219.0
5
741.0 281.0
5
1876.0 1190.0
5
1067.0 432.0
5
2407.0 1438.0
5
1604.0 1101.0
5
1085.0 1204.0
5
17032.0 10467.0
5
4384.0 2426.0
5
4113.0 5909.0
5
1017.0 637.0
5
2269.0 1860.0
5
2777.0 1379.0
5
3291.0 5119.0
5
5699.0 6605.0
5
223543.0 66903.0
5
1828.0 2024.0
5
6124.0 6082.0
5
10644.0 4533.0
5
26736.0 4270.0
5
3747.0 6043.0
5
56470.0 43367.0
5
17205.0 9083.0
5
2718.0 2287.0
5
27334.0 6324.0
5
5352.0 4535.0
5
3647.0 4082.0
5
6268.0 3135.0
5
2836.0 1311.0
5
3833.0 1699.0
5
3968.0 3341.0
5
4658.0 3151.0
5
6148.0 3666.0
5
2028.0 2213.0
5
3863.0 3534.0
5
3377.0 4881.0
5
6198.0 3591.0
5
6581.0 7085.0
5
2892.0 1356.0
5
1136.0 1171.0
5
5234.0 3064.0
5
3131.0 1814.0
5
1306.0 1184.0
5
1458.0 634.0
5
5257.0 1561.0
5
2097.0 1739.0
5
4636.0 5190.0
5
3391.0 3255.0
5
5803.0 4802.0
5
4700.0 2044.0
5
5877.0 1170.0
5
6509.0 3529.0
5
2877.0 1910.0
5
18408.0 23921.0
5
22963.0 11714.0
5
26211.0 5624.0
5
4363.0 2200.0
5
3414.0 3233.0
5
457.0 399.0
5
6858.0 2708.0
5
6335.0 9307.0
5
2420.0 4166.0
5
19251.0 12625.0
5
7783.0 13471.0
5
14370.0 5676.0
5
1454.0 1726.0
5
3134.0 2037.0
5
3325.0 1965.0
5
4019.0 1478.0
5
6308.0 2089.0
5
2898.0 3259.0
5
23815.0 66990.0
5
2769.0 3757.0
5
2660.0 1343.0
5
5111.0 3407.0
5
3062.0 2274.0
5
2250.0 3596.0
5
2285.0 1694.0
5
6862.0 3006.0
5
4599.0 3044.0
5
3454.0 2824.0
5
2992.0 1197.0
5
2199.0 2083.0
5
7272.0 5782.0
5
4469.0 3074.0
5
632.0 246.0
5
4812.0 1687.0
5
1542.0 2163.0
5
1931.0 1903.0
5
2343.0 3685.0
5
5036.0 4533.0
5
3820.0 2426.0
5
3168.0 3094.0
5
4922.0 1456.0
5
1844.0 1227.0
5
4535.0 1599.0
5
1038.0 763.0
5
3612.0 2116.0
5
3124.0 2580.0
5
5516.0 3426.0
5
6641.0 4973.0
5
3046.0 3873.0
5
3680.0 2386.0
5
2960.0 2400.0
5
3519.0 1963.0
5
16987.0 1860.0
5
3623.0 3397.0
5
3054.0 898.0
5
3064.0 2606.0
5
3308.0 2858.0
5
2822.0 3667.0
5
5999.0 6702.0
5
8195.0 7686.0
5
1365.0 1545.0
5
9368.0 5283.0
5
12374.0 4651.0
5
3510.0 2457.0
5
3124.0 4329.0
5
2885.0 3331.0
5
6749.0 1444.0
5
7245.0 3691.0
5
6390.0 3082.0
5
4116.0 8399.0
5
3928.0 6226.0
5
4538.0 1403.0
5
1822.0 1098.0
5
3958.0 3406.0
5
21811.0 5684.0
5
3811.0 2092.0
5
38644.0 22086.0
5
3594.0 4821.0
5
3394.0 1900.0
5
10320.0 6950.0
5
9952.0 1770.0
5
4113.0 4111.0
5
10779.0 4874.0
5
6177.0 14095.0
5
6412.0 3865.0
5
4697.0 2972.0
5
4912.0 4445.0
5
5546.0 3780.0
5
1405.0 2842.0
5
1343.0 449.0
5
5673.0 6591.0
5
6736.0 5511.0
5
3924.0 2866.0
5
5826.0 5097.0
5
17200.0 12273.0
5
3485.0 1188.0
5
2086.0 1345.0
5
3845.0 1165.0
5
1189.0 2493.0
5
2915.0 2558.0
5
1676.0 1297.0
5
14482.0 1824.0
5
4441.0 3346.0
5
1042.0 1118.0
5
3205.0 6225.0
5
6630.0 4616.0
5
1804.0 1750.0
5
394.0 561.0
5
2529.0 1472.0
5
5577.0 3887.0
5
2099.0 1735.0
5
1011.0 389.0
5
6270.0 7148.0
5
3466.0 2910.0
5
1641.0 4333.0
5
2188.0 1789.0
5
8252.0 6108.0
5
11420.0 3539.0
5
6920.0 1426.0
5
6872.0 2736.0
5
14633.0 8264.0
5
57557.0 88395.0
5
12417.0 3835.0
5
25870.0 4037.0
5
14080.0 8620.0
5
15307.0 10178.0
5
20329.0 13574.0
5
9057.0 5449.0
5
5220.0 2074.0
5
17658.0 7502.0
5
8872.0 3486.0
5
3548.0 4148.0
5
10798.0 4075.0
5
17535.0 4776.0
5
2267.0 3267.0
5
22745.0 13589.0
5
12973.0 44058.0
5
7285.0 9963.0
5
12732.0 11003.0
5
7808.0 7415.0
5
6032.0 6533.0
5
9344.0 8052.0
5
18906.0 2810.0
5
7829.0 5113.0
5
18673.0 5019.0
5
3259.0 4614.0
5
3128.0 2385.0
5
2264.0 1086.0
5
2504.0 2599.0
5
5129.0 3986.0
5
2084.0 1727.0
5
8381.0 8386.0
5
2567.0 1781.0
5
7225.0 5486.0
5
7941.0 5854.0
5
18600.0 13884.0
5
2291.0 1292.0
5
30461.0 23243.0
5
20334.0 7481.0
5
14035.0 7078.0
5
22864.0 7954.0
5
4846.0 1882.0
5
1005.0 1425.0
5
13097.0 11230.0
5
2867.0 2737.0
5
29034.0 30836.0
5
6814.0 5733.0
5
28445.0 5924.0
5
4269.0 1882.0
5
1433.0 1010.0
5
59696.0 24467.0
5
26142.0 24237.0
5
23744.0 4209.0
5
41106.0 51535.0
5
19245.0 10987.0
5
3907.0 3109.0
5
63860.0 17693.0
5
16218.0 13276.0
5
4488.0 5955.0
5
1571.0 1603.0
5
165755.0 433577.0
5
1740.0 1822.0
5
2390.0 956.0
5
27724.0 11518.0
5
417.0 826.0
5
8457.0 10443.0
5
2724.0 1976.0
5
11817.0 6754.0
5
1960.0 3085.0
5
18760.0 12495.0
5
1289.0 2199.0
6
3800.0 3438.0
6
4035.0 1429.0
6
1499.0 1631.0
6
4457.0 3687.0
6
2033.0 1182.0
6
358.0 313.0
6
1723.0 1494.0
6
563.0 464.0
6
2674.0 1776.0
6
3637.0 2267.0
6
1744.0 970.0
6
2796.0 1675.0
6
1257.0 1054.0
6
2068.0 1533.0
6
3373.0 1469.0
6
2561.0 2794.0
6
5864.0 3256.0
6
2158.0 1106.0
6
5012.0 2362.0
6
2462.0 1102.0
6
5891.0 9170.0
6
5906.0 5200.0
6
12830.0 6058.0
6
9733.0 12533.0
6
10387.0 11572.0
6
2485.0 846.0
6
558.0 2173.0
6
1409.0 1135.0
6
2328.0 1859.0
6
7116.0 1335.0
6
3090.0 3958.0
6
7728.0 4221.0
6
1783.0 1658.0
6
1156.0 2874.0
6
5005.0 2783.0
6
1542.0 1611.0
6
2794.0 2597.0
6
6498.0 2933.0
6
6558.0 6745.0
6
5718.0 7905.0
6
15919.0 17882.0
6
7002.0 4965.0
6
2562.0 4015.0
6
10251.0 3038.0
6
69384.0 18727.0
6
3960.0 1054.0
6
6833.0 2761.0
6
9112.0 4039.0
6
25155.0 7842.0
6
9810.0 7586.0
6
1073.0 2165.0
6
2696.0 2218.0
6
561.0 749.0
6
4909.0 3706.0
6
2970.0 947.0
6
2441.0 2377.0
6
3487.0 7072.0
6
3962.0 3579.0
6
1691.0 430.0
6
1276.0 707.0
6
5184.0 3057.0
6
2423.0 4212.0
6
3784.0 3251.0
6
9740.0 2814.0
6
4640.0 3156.0
6
2770.0 4374.0
6
11670.0 7317.0
6
9471.0 2355.0
6
2256.0 1051.0
6
2481.0 1261.0
6
3837.0 2651.0
6
8532.0 3744.0
6
1744.0 2653.0
6
1492.0 2077.0
6
1587.0 876.0
6
5959.0 4782.0
6
15571.0 7162.0
6
10109.0 1828.0
6
8755.0 5157.0
6
10225.0 12960.0
6
3115.0 4331.0
6
2053.0 2821.0
6
9598.0 2428.0
6
1770.0 1329.0
6
8634.0 2945.0
6
2195.0 2057.0
6
3775.0 2650.0
6
6471.0 8722.0
6
3246.0 4678.0
6
3360.0 3286.0
6
4223.0 2543.0
6
638.0 564.0
6
4245.0 2515.0
6
4329.0 2490.0
6
4050.0 3253.0
6
4944.0 2144.0
6
3200.0 2892.0
6
2947.0 2040.0
6
2370.0 2038.0
6
1648.0 2667.0
6
2888.0 1199.0
6
3274.0 4433.0
6
2898.0 2153.0
6
2182.0 4176.0
6
3164.0 3207.0
6
1701.0 2064.0
6
3675.0 1869.0
6
8211.0 4385.0
6
3571.0 990.0
6
4684.0 2770.0
6
4923.0 1995.0
6
37645.0 11872.0
6
12908.0 12302.0
6
3101.0 5763.0
6
2249.0 1481.0
6
1182.0 1615.0
6
3020.0 5802.0
6
3524.0 3231.0
6
10430.0 3937.0
6
3561.0 3777.0
6
2644.0 2800.0
6
5884.0 1416.0
6
8623.0 4725.0
6
1327.0 1343.0
6
3124.0 4070.0
6
5362.0 5249.0
6
2448.0 1155.0
6
8408.0 3789.0
6
8095.0 6897.0
6
1766.0 1547.0
6
9090.0 2655.0
6
5502.0 2351.0
6
4119.0 3445.0
6
4418.0 4388.0
6
3993.0 2395.0
6
1669.0 1923.0
6
5095.0 3469.0
6
4881.0 1417.0
6
46115.0 31398.0
6
27434.0 18807.0
6
12531.0 4782.0
6
2413.0 10288.0
6
62581.0 37976.0
6
3477.0 3156.0
6
9437.0 8865.0
6
4811.0 2439.0
6
17598.0 3335.0
6
3856.0 5459.0
6
6184.0 2763.0
6
1713.0 623.0
6
4420.0 4626.0
6
5164.0 2259.0
6
1216.0 1461.0
6
6736.0 4668.0
6
1581.0 782.0
6
1951.0 3541.0
6
9672.0 2473.0
6
60293.0 16104.0
6
5434.0 2121.0
6
10929.0 2266.0
6
4939.0 5862.0
6
6353.0 2453.0
6
11861.0 8955.0
6
3074.0 2541.0
6
1144.0 946.0
6
6716.0 1600.0
6
4418.0 6010.0
6
3681.0 4077.0
6
3952.0 11119.0
6
2755.0 2035.0
6
7587.0 5347.0
6
11325.0 3042.0
6
4910.0 3910.0
6
2124.0 1817.0
6
4269.0 6184.0
6
10379.0 18224.0
6
5477.0 2726.0
6
2736.0 2780.0
6
2462.0 4657.0
6
5277.0 1978.0
6
7023.0 1447.0
6
2301.0 2319.0
6
3271.0 1437.0
6
702.0 381.0
6
7606.0 2587.0
6
4243.0 7973.0
6
4285.0 6087.0
6
454.0 456.0
6
4395.0 4764.0
6
6080.0 1791.0
6
2103.0 3324.0
6
2534.0 2581.0
6
1587.0 1673.0
6
846.0 2579.0
6
3803.0 2422.0
6
3376.0 7386.0
6
2306.0 2302.0
6
12819.0 17031.0
6
7125.0 6592.0
6
2399.0 5130.0
6
1378.0 566.0
6
2921.0 2763.0
6
17986.0 7591.0
6
8042.0 7594.0
6
1681.0 770.0
6
10615.0 3788.0
6
23908.0 6242.0
6
5318.0 12668.0
6
7664.0 13101.0
6
15627.0 5859.0
6
9952.0 5071.0
6
3663.0 2163.0
6
19891.0 7758.0
6
6396.0 5400.0
6
4669.0 1830.0
6
8367.0 2896.0
6
20121.0 10483.0
6
88889.0 10111.0
6
24807.0 15716.0
6
19402.0 5347.0
6
4102.0 817.0
6
26038.0 18921.0
6
2878.0 1331.0
6
5204.0 772.0
6
8454.0 7798.0
6
11930.0 3341.0
6
12460.0 8928.0
6
2126.0 1438.0
6
5792.0 7183.0
6
3411.0 2461.0
6
16908.0 3621.0
6
19467.0 3575.0
6
8784.0 5804.0
6
1590.0 785.0
6
875.0 786.0
6
5336.0 6065.0
6
1934.0 1608.0
6
1447.0 1011.0
6
17120.0 4318.0
6
2490.0 9962.0
6
2003.0 2632.0
6
3288.0 2435.0
6
12270.0 9011.0
6
6191.0 9924.0
6
34902.0 7468.0
6
15105.0 11484.0
6
14460.0 15688.0
6
25412.0 10102.0
6
58522.0 21120.0
6
6601.0 5308.0
6
12121.0 9923.0
6
12013.0 7535.0
6
2632.0 1575.0
6
10416.0 8475.0
6
11217.0 7268.0
6
13539.0 15733.0
6
23234.0 7269.0
6
8788.0 6701.0
6
1209.0 1781.0
6
4562.0 2346.0
6
8544.0 6148.0
6
974.0 3551.0
6
17304.0 12284.0
6
4619.0 3295.0
6
9137.0 3603.0
6
7686.0 4907.0
6
12684.0 11533.0
6
1882.0 2642.0
6
1661.0 855.0
6
10218.0 19052.0
6
11875.0 6921.0
6
8384.0 8504.0
6
17165.0 3430.0
6
2437.0 3343.0
6
884.0 1815.0
6
4003.0 2306.0
6
2382.0 1012.0
7
5998.0 4136.0
7
3045.0 2935.0
7
406.0 296.0
7
24896.0 5607.0
7
5486.0 21025.0
7
4654.0 2747.0
7
944.0 1326.0
7
2171.0 1107.0
7
3373.0 2790.0
7
1670.0 1322.0
7
2284.0 2043.0
7
2629.0 1238.0
7
10813.0 6517.0
7
4830.0 1631.0
7
562.0 497.0
7
3376.0 2330.0
7
3085.0 2204.0
7
4986.0 2084.0
7
2429.0 1003.0
7
4042.0 13263.0
7
9050.0 8644.0
7
3219.0 1761.0
7
14635.0 5933.0
7
7469.0 1813.0
7
18344.0 5767.0
7
1604.0 3284.0
7
2170.0 1991.0
7
2093.0 2377.0
7
1285.0 3153.0
7
3321.0 2052.0
7
2126.0 2989.0
7
6279.0 3412.0
7
32007.0 11701.0
7
3344.0 2153.0
7
3437.0 2547.0
7
6349.0 2874.0
7
1792.0 1859.0
7
4153.0 4394.0
7
790.0 1075.0
7
3490.0 3651.0
7
11751.0 13625.0
7
4476.0 1951.0
7
1185.0 913.0
7
8986.0 4767.0
7
14671.0 10187.0
7
12611.0 7138.0
7
8287.0 9663.0
7
12490.0 5034.0
7
14473.0 7024.0
7
25468.0 11385.0
7
6086.0 1215.0
7
4739.0 6151.0
7
4421.0 1936.0
7
3146.0 3505.0
7
6775.0 6325.0
7
5208.0 1859.0
7
9550.0 3536.0
7
7925.0 5401.0
7
1941.0 3243.0
7
3812.0 3261.0
7
2657.0 1529.0
7
3380.0 5345.0
7
5511.0 5332.0
7
2215.0 1763.0
7
5784.0 2876.0
7
2258.0 3178.0
7
4066.0 3349.0
7
4551.0 2924.0
7
2089.0 2383.0
7
2846.0 3914.0
7
917.0 742.0
7
4457.0 4933.0
7
13143.0 13323.0
7
15192.0 6207.0
7
5407.0 1891.0
7
7283.0 6823.0
7
11152.0 9509.0
7
24714.0 4965.0
7
17704.0 4129.0
7
4839.0 3626.0
7
3663.0 1857.0
7
2812.0 3121.0
7
9961.0 3747.0
7
5551.0 10199.0
7
5271.0 4116.0
7
2940.0 1396.0
7
5400.0 3255.0
7
19608.0 11193.0
7
6410.0 5339.0
7
1290.0 545.0
7
2589.0 1678.0
7
3098.0 2753.0
7
2538.0 3401.0
7
6566.0 2027.0
7
22513.0 3456.0
7
2898.0 1854.0
7
2769.0 1232.0
7
4452.0 1553.0
7
6051.0 1784.0
7
3167.0 2488.0
7
7059.0 2824.0
7
998.0 1143.0
7
44267.0 15833.0
7
2883.0 5324.0
7
8077.0 1809.0
7
5002.0 1901.0
7
5431.0 6089.0
7
15413.0 3312.0
7
1900.0 871.0
7
4193.0 3404.0
7
6148.0 1964.0
7
5023.0 1353.0
7
10044.0 1302.0
7
4359.0 1618.0
7
5469.0 3257.0
7
1530.0 590.0
7
4055.0 2233.0
7
1217.0 851.0
7
10045.0 2118.0
7
6837.0 3467.0
7
6579.0 1927.0
7
1961.0 1227.0
7
2493.0 3123.0
7
3409.0 2094.0
7
3888.0 2023.0
7
10371.0 5146.0
7
3529.0 1502.0
7
3459.0 3216.0
7
5727.0 1163.0
7
4818.0 3108.0
7
5679.0 2534.0
7
2065.0 2307.0
7
4060.0 6308.0
7
1486.0 858.0
7
3045.0 3829.0
7
2358.0 2193.0
7
4026.0 2962.0
7
4288.0 2212.0
7
5430.0 2498.0
7
12827.0 5266.0
7
2694.0 4986.0
7
9577.0 10676.0
7
8330.0 6514.0
7
3671.0 2260.0
7
3972.0 5052.0
7
5980.0 2431.0
7
3436.0 5110.0
7
4463.0 2230.0
7
4493.0 1633.0
7
2443.0 2374.0
7
1448.0 2500.0
7
3912.0 2285.0
7
8739.0 6690.0
7
3611.0 3299.0
7
2611.0 1981.0
7
4643.0 5070.0
7
781.0 721.0
7
3369.0 4989.0
7
2275.0 1699.0
7
5564.0 5970.0
7
5115.0 5422.0
7
7501.0 5448.0
7
1883.0 488.0
7
3584.0 3272.0
7
2259.0 2854.0
7
5910.0 2860.0
7
4449.0 1804.0
7
4275.0 4665.0
7
3641.0 2373.0
7
5257.0 1381.0
7
7358.0 4556.0
7
5511.0 3836.0
7
3392.0 5034.0
7
4208.0 2780.0
7
71344.0 8552.0
7
4963.0 5556.0
7
2433.0 2657.0
7
2886.0 2015.0
7
3159.0 471.0
7
2960.0 2021.0
7
1768.0 1588.0
7
9574.0 2065.0
7
2730.0 1532.0
7
9024.0 6211.0
7
6019.0 8254.0
7
4126.0 1804.0
7
2414.0 3622.0
7
3902.0 1175.0
7
1734.0 1906.0
7
4861.0 2908.0
7
2074.0 1740.0
7
2432.0 1518.0
7
3384.0 2789.0
7
2003.0 1975.0
7
2364.0 2323.0
7
3316.0 2182.0
7
4244.0 1281.0
7
36035.0 18454.0
7
10622.0 3389.0
7
10328.0 7668.0
7
2534.0 1967.0
7
15927.0 5940.0
7
16628.0 5361.0
7
24698.0 4538.0
7
13166.0 8376.0
7
8128.0 4873.0
7
20012.0 19965.0
7
589.0 236.0
7
6806.0 10418.0
7
13557.0 4944.0
7
30625.0 14846.0
7
15100.0 4599.0
7
25480.0 15852.0
7
11911.0 8711.0
7
18022.0 11045.0
7
10003.0 3147.0
7
14638.0 15243.0
7
1361.0 2711.0
7
21888.0 6043.0
7
4636.0 1237.0
7
13480.0 4972.0
7
4735.0 3062.0
7
11286.0 5220.0
7
13828.0 4042.0
7
5363.0 5502.0
7
7369.0 2104.0
7
17045.0 7827.0
7
19604.0 3115.0
7
9831.0 2911.0
7
21521.0 3922.0
7
11406.0 6456.0
7
5429.0 3786.0
7
6916.0 2767.0
7
1494.0 1434.0
7
3276.0 5514.0
7
5849.0 6768.0
7
1578.0 1530.0
7
7737.0 11000.0
7
1899.0 2940.0
7
2085.0 1381.0
7
24675.0 8311.0
7
30811.0 35246.0
7
16860.0 8933.0
7
16652.0 8580.0
7
21341.0 6537.0
7
2595.0 1898.0
7
39158.0 28998.0
7
19781.0 10809.0
7
8199.0 16489.0
7
2762.0 1762.0
7
14088.0 3064.0
7
21281.0 10196.0
7
3293.0 3545.0
7
58849.0 74180.0
7
48584.0 27729.0
7
14805.0 7074.0
7
3991.0 3657.0
7
1798.0 2597.0
7
18389.0 8774.0
7
6202.0 20841.0
7
2288.0 1540.0
7
4724.0 2729.0
7
9088.0 5184.0
7
7901.0 11589.0
7
1461.0 3349.0
7
3778.0 1264.0
7
6801.0 3638.0
7
12643.0 11704.0
7
4696.0 4862.0
7
4467.0 7751.0
7
17348.0 10073.0
7
7158.0 1477.0
7
11416.0 11167.0
7
3557.0 2862.0
8
8654.0 1391.0
8
2765.0 3393.0
8
8212.0 5887.0
8
5918.0 13572.0
8
9664.0 9215.0
8
3395.0 2070.0
8
4261.0 1531.0
8
2898.0 1146.0
8
2304.0 1378.0
8
2975.0 1964.0
8
2299.0 2902.0
8
7238.0 3526.0
8
5435.0 4226.0
8
1865.0 1752.0
8
3194.0 2182.0
8
2559.0 4695.0
8
2308.0 1067.0
8
2132.0 419.0
8
1507.0 1646.0
8
6152.0 3012.0
8
5825.0 2690.0
8
13787.0 20776.0
8
12685.0 4032.0
8
8561.0 20166.0
8
16813.0 9519.0
8
2698.0 629.0
8
7076.0 2508.0
8
2636.0 2329.0
8
3156.0 1134.0
8
1864.0 890.0
8
2516.0 3127.0
8
3698.0 3954.0
8
23941.0 25805.0
8
4569.0 2118.0
8
19943.0 4429.0
8
1656.0 1971.0
8
2547.0 2354.0
8
1113.0 2334.0
8
3622.0 3667.0
8
1115.0 760.0
8
31400.0 28113.0
8
5823.0 1433.0
8
6099.0 3454.0
8
10775.0 8784.0
8
110267.0 60684.0
8
2562.0 1987.0
8
11007.0 21637.0
8
9109.0 6281.0
8
5123.0 2530.0
8
21975.0 7264.0
8
3023.0 4698.0
8
2801.0 1369.0
8
3649.0 3150.0
8
3705.0 1877.0
8
3044.0 1729.0
8
3977.0 3225.0
8
3489.0 884.0
8
15134.0 5833.0
8
5549.0 3303.0
8
2911.0 2934.0
8
4516.0 1903.0
8
1662.0 945.0
8
5013.0 3003.0
8
3569.0 2523.0
8
2379.0 2273.0
8
5270.0 3942.0
8
725.0 1373.0
8
8550.0 4112.0
8
8957.0 3961.0
8
11207.0 3471.0
8
2134.0 1183.0
8
2570.0 1176.0
8
3377.0 1198.0
8
38476.0 3337.0
8
7799.0 12028.0
8
3604.0 2126.0
8
6433.0 2522.0
8
2081.0 1847.0
8
12214.0 6733.0
8
13227.0 4937.0
8
3981.0 2176.0
8
6863.0 1554.0
8
3520.0 1500.0
8
22284.0 41277.0
8
4968.0 3193.0
8
6552.0 2478.0
8
2926.0 1423.0
8
1509.0 988.0
8
3963.0 5664.0
8
4219.0 1663.0
8
2398.0 1088.0
8
3136.0 5217.0
8
38682.0 10393.0
8
5226.0 2727.0
8
13068.0 11258.0
8
3061.0 3600.0
8
10773.0 6447.0
8
31275.0 22942.0
8
8470.0 9570.0
8
1538.0 1088.0
8
3514.0 2686.0
8
5422.0 1968.0
8
26005.0 6932.0
8
1470.0 2828.0
8
2574.0 3192.0
8
6181.0 764.0
8
9587.0 5716.0
8
7944.0 8378.0
8
10875.0 5766.0
8
838.0 595.0
8
1219.0 929.0
8
3271.0 2340.0
8
1897.0 2442.0
8
2915.0 1485.0
8
2561.0 1278.0
8
3263.0 1085.0
8
1775.0 1178.0
8
1411.0 1481.0
8
3939.0 3449.0
8
1530.0 3652.0
8
6373.0 3583.0
8
3957.0 1264.0
8
8667.0 1671.0
8
6667.0 3831.0
8
7277.0 2798.0
8
3621.0 2327.0
8
3811.0 1618.0
8
4820.0 6140.0
8
3199.0 2691.0
8
3799.0 1582.0
8
4681.0 2493.0
8
2375.0 1679.0
8
3186.0 1422.0
8
1337.0 1455.0
8
7351.0 4936.0
8
2211.0 1873.0
8
2818.0 1873.0
8
1966.0 2763.0
8
5928.0 3668.0
8
8985.0 5499.0
8
1452.0 2801.0
8
3483.0 3475.0
8
4645.0 2810.0
8
6795.0 1287.0
8
4209.0 2572.0
8
5810.0 5652.0
8
7419.0 1859.0
8
3922.0 2349.0
8
3297.0 2718.0
8
1690.0 1178.0
8
2315.0 3718.0
8
4987.0 2116.0
8
6198.0 7684.0
8
2452.0 2308.0
8
2845.0 2709.0
8
14597.0 11086.0
8
2319.0 3017.0
8
5750.0 3753.0
8
5299.0 3375.0
8
4330.0 2779.0
8
3642.0 1783.0
8
6520.0 6413.0
8
7023.0 2908.0
8
3028.0 1541.0
8
3742.0 1806.0
8
2582.0 3232.0
8
4550.0 3247.0
8
10175.0 7511.0
8
2999.0 5482.0
8
3508.0 2897.0
8
2644.0 5062.0
8
1893.0 1711.0
8
4284.0 6334.0
8
3111.0 2914.0
8
22218.0 6416.0
8
5886.0 2889.0
8
5550.0 2995.0
8
2294.0 4600.0
8
1816.0 968.0
8
1560.0 2239.0
8
544.0 616.0
8
3334.0 815.0
8
1047.0 300.0
8
11924.0 6852.0
8
1842.0 1165.0
8
1226.0 1933.0
8
5451.0 1862.0
8
2023.0 1761.0
8
563.0 310.0
8
480.0 477.0
8
4075.0 3240.0
8
4927.0 935.0
8
4960.0 3826.0
8
3495.0 1962.0
8
7042.0 6238.0
8
2495.0 2643.0
8
3505.0 7268.0
8
4949.0 4047.0
8
9813.0 6519.0
8
9393.0 7065.0
8
7163.0 6672.0
8
1074.0 1101.0
8
10963.0 6089.0
8
28238.0 5170.0
8
15699.0 12129.0
8
57619.0 32526.0
8
9695.0 5705.0
8
2439.0 1561.0
8
10948.0 5677.0
8
18497.0 11825.0
8
11622.0 6940.0
8
6426.0 2139.0
8
4760.0 13051.0
8
15899.0 12186.0
8
17578.0 6829.0
8
17363.0 10685.0
8
8957.0 3587.0
8
9688.0 5941.0
8
331.0 205.0
8
16059.0 3066.0
8
2543.0 2937.0
8
4027.0 5791.0
8
8028.0 2433.0
8
6732.0 2308.0
8
5038.0 5850.0
8
9194.0 5774.0
8
11417.0 2828.0
8
6843.0 6998.0
8
6059.0 2890.0
8
6955.0 1884.0
8
9904.0 6202.0
8
2426.0 2104.0
8
3160.0 1539.0
8
1685.0 2109.0
8
9721.0 6230.0
8
2464.0 2895.0
8
27142.0 5772.0
8
2041.0 818.0
8
4448.0 1830.0
8
8917.0 11423.0
8
12175.0 7514.0
8
8957.0 2888.0
8
31403.0 10344.0
8
32043.0 4727.0
8
14451.0 5211.0
8
1661.0 354.0
8
20678.0 3626.0
8
11468.0 5833.0
8
12881.0 12368.0
8
5076.0 1631.0
8
7408.0 13474.0
8
2892.0 3010.0
8
13909.0 6824.0
8
368.0 213.0
8
13786.0 14205.0
8
27684.0 10008.0
8
5843.0 4912.0
8
2676.0 506.0
8
9770.0 6270.0
8
2509.0 1003.0
8
7053.0 5471.0
8
5990.0 4963.0
8
3602.0 1130.0
8
8966.0 3101.0
8
14762.0 4377.0
8
2430.0 1794.0
8
19528.0 15181.0
8
5052.0 2909.0
9
1733.0 1388.0
9
8032.0 4428.0
9
19106.0 9818.0
9
4656.0 3993.0
9
1690.0 1403.0
9
675.0 412.0
9
2610.0 1124.0
9
1787.0 481.0
9
2504.0 1300.0
9
4587.0 2290.0
9
2153.0 1337.0
9
2917.0 3493.0
9
3458.0 1522.0
9
2380.0 2440.0
9
1885.0 1446.0
9
7711.0 2291.0
9
6225.0 3629.0
9
4090.0 2908.0
9
3187.0 4206.0
9
3273.0 7813.0
9
3244.0 998.0
9
6149.0 7028.0
9
9235.0 4389.0
9
18809.0 12474.0
9
2427.0 2695.0
9
2613.0 1978.0
9
5042.0 2064.0
9
5591.0 1637.0
9
2100.0 1104.0
9
2515.0 2155.0
9
6827.0 2238.0
9
3651.0 602.0
9
2868.0 2193.0
9
5637.0 3979.0
9
1478.0 2530.0
9
2102.0 887.0
9
461.0 430.0
9
4198.0 3031.0
9
3843.0 7089.0
9
16587.0 18404.0
9
2539.0 3732.0
9
34856.0 62261.0
9
8792.0 9196.0
9
22960.0 8129.0
9
16259.0 12274.0
9
8171.0 6919.0
9
35419.0 8413.0
9
3135.0 1519.0
9
20778.0 9408.0
9
5521.0 5536.0
9
6883.0 6894.0
9
1705.0 4036.0
9
1551.0 1985.0
9
4466.0 894.0
9
1678.0 2658.0
9
1384.0 3216.0
9
4453.0 1910.0
9
3560.0 2403.0
9
3528.0 3329.0
9
4061.0 1846.0
9
1041.0 1212.0
9
5187.0 6692.0
9
5888.0 2432.0
9
11313.0 2133.0
9
3717.0 2046.0
9
1352.0 1741.0
9
3581.0 4558.0
9
36590.0 14413.0
9
3784.0 1494.0
9
6493.0 2694.0
9
3391.0 8227.0
9
3196.0 5446.0
9
2144.0 634.0
9
13600.0 4019.0
9
6455.0 3647.0
9
17398.0 7821.0
9
5838.0 3657.0
9
3258.0 1724.0
9
12393.0 10662.0
9
5227.0 1387.0
9
4037.0 1495.0
9
8697.0 4432.0
9
3662.0 5697.0
9
9753.0 5849.0
9
1965.0 284.0
9
3559.0 3944.0
9
2940.0 1856.0
9
3285.0 712.0
9
9887.0 10817.0
9
444.0 374.0
9
5472.0 5789.0
9
6092.0 4273.0
9
3037.0 4086.0
9
5427.0 4114.0
9
4019.0 7082.0
9
1839.0 720.0
9
49100.0 37217.0
9
4826.0 3724.0
9
2020.0 4724.0
9
6575.0 2197.0
9
5059.0 2036.0
9
9792.0 8077.0
9
3817.0 4328.0
9
7769.0 3593.0
9
3447.0 1621.0
9
3178.0 3495.0
9
3545.0 3676.0
9
20465.0 8955.0
9
4132.0 4369.0
9
2446.0 2630.0
9
8234.0 2356.0
9
2988.0 2025.0
9
2904.0 950.0
9
2929.0 1682.0
9
8262.0 7163.0
9
1827.0 2145.0
9
2211.0 2194.0
9
1711.0 4040.0
9
9163.0 2631.0
9
11589.0 3191.0
9
4634.0 1628.0
9
4990.0 2621.0
9
1759.0 1240.0
9
4333.0 1945.0
9
5813.0 3742.0
9
6085.0 6465.0
9
10129.0 5280.0
9
5531.0 3751.0
9
7658.0 3809.0
9
2938.0 2257.0
9
2823.0 925.0
9
5850.0 1998.0
9
5423.0 8302.0
9
10570.0 1888.0
9
1675.0 4373.0
9
12245.0 8913.0
9
3545.0 3907.0
9
1685.0 4126.0
9
8218.0 2508.0
9
4493.0 5619.0
9
6278.0 1373.0
9
4374.0 4076.0
9
3021.0 1090.0
9
11589.0 2592.0
9
5036.0 1988.0
9
1830.0 1637.0
9
2892.0 3112.0
9
1145.0 1116.0
9
4095.0 1178.0
9
3867.0 2586.0
9
3281.0 2795.0
9
6887.0 7428.0
9
4157.0 3243.0
9
3100.0 661.0
9
1952.0 2108.0
9
2438.0 2170.0
9
17433.0 3317.0
9
4986.0 2204.0
9
8186.0 4534.0
9
10478.0 4586.0
9
10048.0 14762.0
9
2939.0 5496.0
9
9012.0 4301.0
9
5509.0 3604.0
9
5265.0 3729.0
9
887.0 1106.0
9
49699.0 25201.0
9
4592.0 2998.0
9
1761.0 1658.0
9
7782.0 8961.0
9
5249.0 5943.0
9
5568.0 5053.0
9
3155.0 2794.0
9
3830.0 2001.0
9
2331.0 1949.0
9
4407.0 2950.0
9
6240.0 4102.0
9
4008.0 1831.0
9
2095.0 1467.0
9
1266.0 465.0
9
3011.0 1492.0
9
4667.0 2074.0
9
9397.0 4531.0
9
9505.0 13545.0
9
2036.0 3796.0
9
6015.0 2730.0
9
496.0 467.0
9
7734.0 5152.0
9
3952.0 1148.0
9
1335.0 3779.0
9
2119.0 1824.0
9
2402.0 4254.0
9
2969.0 2310.0
9
2197.0 1583.0
9
4692.0 1907.0
9
6257.0 1829.0
9
13809.0 5192.0
9
8919.0 8191.0
9
15146.0 5317.0
9
14511.0 4336.0
9
4525.0 3537.0
9
14492.0 9141.0
9
11544.0 6002.0
9
6449.0 2883.0
9
1541.0 1723.0
9
16534.0 10189.0
9
2021.0 806.0
9
8096.0 14614.0
9
8394.0 5604.0
9
19369.0 4277.0
9
13007.0 2836.0
9
12090.0 9941.0
9
22028.0 12553.0
9
17523.0 14307.0
9
12750.0 5777.0
9
33552.0 19951.0
9
9002.0 12741.0
9
17441.0 8286.0
9
11845.0 6019.0
9
19302.0 5846.0
9
22858.0 7087.0
9
951.0 1445.0
9
13162.0 5402.0
9
1733.0 2289.0
9
6754.0 7934.0
9
8335.0 4760.0
9
8720.0 9939.0
9
10398.0 4820.0
9
1683.0 1280.0
9
4033.0 1300.0
9
8404.0 4427.0
9
1238.0 991.0
9
23561.0 17657.0
9
4077.0 1271.0
9
8778.0 14816.0
9
21218.0 8606.0
9
8240.0 8430.0
9
7023.0 8865.0
9
9029.0 15916.0
9
9866.0 7365.0
9
5352.0 3130.0
9
19246.0 11770.0
9
1499.0 3238.0
9
14110.0 10502.0
9
12091.0 10282.0
9
27721.0 9062.0
9
18221.0 14387.0
9
3458.0 1344.0
9
4517.0 1381.0
9
10052.0 8774.0
9
15223.0 8700.0
9
35544.0 44319.0
9
31056.0 14672.0
9
10658.0 4039.0
9
32577.0 20069.0
9
15284.0 7586.0
9
2568.0 2539.0
9
3118.0 4033.0
9
96178.0 107197.0
9
1539.0 1044.0
9
8208.0 7334.0
9
1564.0 2260.0
9
4611.0 3873.0
9
1932.0 1157.0
9
5227.0 3249.0
9
10207.0 12312.0
9
11306.0 3487.0
9
3674.0 1169.0
9
4713.0 5947.0
9
3197.0 3481.0
9
11105.0 11423.0
9
5321.0 4225.0
10
6289.0 5022.0
10
2766.0 1995.0
10
1925.0 6016.0
10
9510.0 3041.0
10
15425.0 7224.0
10
7804.0 3154.0
10
2288.0 2338.0
10
604.0 2450.0
10
3168.0 1248.0
10
2006.0 1567.0
10
20798.0 8533.0
10
1868.0 893.0
10
3789.0 2221.0
10
2513.0 2167.0
10
2796.0 1354.0
10
3885.0 4078.0
10
3776.0 3418.0
10
7512.0 4394.0
10
2470.0 2449.0
10
802.0 1813.0
10
6027.0 6789.0
10
7522.0 1835.0
10
14604.0 9448.0
10
7857.0 17639.0
10
6760.0 17850.0
10
3082.0 1143.0
10
3080.0 3779.0
10
1538.0 1330.0
10
4908.0 2111.0
10
1363.0 1424.0
10
1403.0 2069.0
10
3500.0 1675.0
10
6748.0 6187.0
10
1908.0 2503.0
10
6251.0 9697.0
10
2257.0 2516.0
10
4093.0 1908.0
10
4589.0 4573.0
10
580.0 782.0
10
1002.0 882.0
10
4970.0 5045.0
10
4583.0 3026.0
10
3170.0 2101.0
10
73589.0 85260.0
10
33761.0 16757.0
10
3391.0 4397.0
10
17961.0 11743.0
10
8421.0 10642.0
10
2818.0 1021.0
10
55901.0 13416.0
10
5230.0 6209.0
10
2174.0 2921.0
10
2148.0 1540.0
10
4933.0 8187.0
10
2374.0 2927.0
10
6142.0 3546.0
10
2358.0 908.0
10
1897.0 2724.0
10
6782.0 3136.0
10
2197.0 2914.0
10
6125.0 2821.0
10
3650.0 1170.0
10
3954.0 3525.0
10
2444.0 3046.0
10
5903.0 15029.0
10
1990.0 2129.0
10
7713.0 3201.0
10
5960.0 3519.0
10
9614.0 1165.0
10
1477.0 1964.0
10
4611.0 2644.0
10
2787.0 3026.0
10
2495.0 1459.0
10
4136.0 6018.0
10
9589.0 1928.0
10
12782.0 4788.0
10
5939.0 2458.0
10
5502.0 2288.0
10
1158.0 1506.0
10
2748.0 3778.0
10
2744.0 1489.0
10
2282.0 1626.0
10
4009.0 2321.0
10
14815.0 6571.0
10
1219.0 466.0
10
1164.0 607.0
10
6441.0 4362.0
10
5489.0 3120.0
10
37370.0 15392.0
10
1493.0 274.0
10
828.0 368.0
10
2062.0 1810.0
10
3675.0 5054.0
10
4461.0 2755.0
10
2286.0 981.0
10
2732.0 3080.0
10
4333.0 5346.0
10
47787.0 5482.0
10
1794.0 1983.0
10
5470.0 1786.0
10
2196.0 5326.0
10
91860.0 25123.0
10
1935.0 4224.0
10
3175.0 3103.0
10
1548.0 1728.0
10
15134.0 5049.0
10
106032.0 30707.0
10
33004.0 15179.0
10
14138.0 8662.0
10
4037.0 1116.0
10
4335.0 1859.0
10
2776.0 1711.0
10
3915.0 1131.0
10
1775.0 1947.0
10
2125.0 417.0
10
3582.0 2411.0
10
3588.0 3129.0
10
2792.0 2160.0
10
4594.0 4354.0
10
6016.0 4065.0
10
3344.0 2899.0
10
5568.0 6787.0
10
5309.0 3865.0
10
2103.0 1944.0
10
1005.0 1293.0
10
3154.0 4425.0
10
4038.0 3693.0
10
2464.0 3928.0
10
772.0 4534.0
10
2728.0 3617.0
10
5185.0 1251.0
10
4308.0 3767.0
10
16052.0 9169.0
10
2799.0 4423.0
10
2922.0 4533.0
10
13245.0 5541.0
10
4794.0 5005.0
10
7225.0 16659.0
10
4659.0 9803.0
10
17771.0 14134.0
10
9850.0 3416.0
10
12609.0 2664.0
10
3094.0 2111.0
10
10189.0 5095.0
10
2730.0 2106.0
10
2204.0 3730.0
10
11339.0 2728.0
10
2730.0 4751.0
10
2442.0 1646.0
10
2887.0 836.0
10
3624.0 786.0
10
13019.0 18445.0
10
2988.0 2280.0
10
891.0 2616.0
10
3349.0 3030.0
10
2923.0 7020.0
10
6643.0 2347.0
10
3522.0 5454.0
10
7111.0 3540.0
10
5646.0 5706.0
10
18724.0 7401.0
10
7214.0 7725.0
10
11921.0 7263.0
10
5309.0 4230.0
10
7421.0 3312.0
10
13118.0 8042.0
10
5507.0 995.0
10
3399.0 1283.0
10
7788.0 2038.0
10
8741.0 6175.0
10
17911.0 11150.0
10
3900.0 3828.0
10
4030.0 2337.0
10
14404.0 26853.0
10
5415.0 5022.0
10
6219.0 5673.0
10
2192.0 1442.0
10
2807.0 957.0
10
2474.0 1376.0
10
1614.0 1737.0
10
3315.0 7171.0
10
2466.0 1752.0
10
6584.0 1776.0
10
20504.0 25904.0
10
2342.0 2889.0
10
4110.0 1888.0
10
3394.0 1348.0
10
4359.0 1009.0
10
3871.0 3019.0
10
986.0 603.0
10
16636.0 7435.0
10
3779.0 6846.0
10
3842.0 5094.0
10
4617.0 2393.0
10
4063.0 2845.0
10
3515.0 1047.0
10
10059.0 2210.0
10
6871.0 2711.0
10
21800.0 6268.0
10
13004.0 5351.0
10
17665.0 11468.0
10
7019.0 4854.0
10
8724.0 3219.0
10
9475.0 2316.0
10
12585.0 19068.0
10
13866.0 6989.0
10
10441.0 2172.0
10
3172.0 8351.0
10
15237.0 12079.0
10
2337.0 2817.0
10
7880.0 4319.0
10
9940.0 4794.0
10
15904.0 11499.0
10
10482.0 8132.0
10
13075.0 13201.0
10
31737.0 5356.0
10
37674.0 17372.0
10
16149.0 7744.0
10
7741.0 2927.0
10
11576.0 9374.0
10
14960.0 9893.0
10
1197.0 1077.0
10
9670.0 3444.0
10
16867.0 13694.0
10
9189.0 9153.0
10
17006.0 3012.0
10
7307.0 10091.0
10
15569.0 4931.0
10
1506.0 1566.0
10
1500.0 637.0
10
9253.0 3654.0
10
7326.0 3743.0
10
2042.0 1854.0
10
13993.0 7519.0
10
9552.0 2394.0
10
6957.0 1864.0
10
10846.0 12119.0
10
19950.0 6129.0
10
15596.0 14075.0
10
14765.0 5511.0
10
41644.0 16517.0
10
30244.0 12276.0
10
1342.0 2439.0
10
10276.0 10056.0
10
4227.0 6780.0
10
52701.0 17659.0
10
12336.0 13823.0
10
9220.0 14417.0
10
8530.0 7084.0
10
47296.0 48419.0
10
4698.0 4888.0
10
24191.0 8429.0
10
4029.0 1723.0
10
8789.0 7558.0
10
2290.0 3159.0
10
10979.0 8750.0
10
10103.0 10738.0
10
24801.0 23873.0
10
12479.0 6889.0
10
14079.0 9801.0
10
17798.0 8694.0
10
6373.0 6656.0
10
2158.0 1554.0
10
13044.0 14841.0
10
39842.0 29489.0
10
12282.0 6339.0
10
11724.0 5825.0
10
9537.0 9833.0
10
2685.0 1941.0
10
10993.0 8323.0
10
1824.0 967.0
11
5955.0 2501.0
11
123303.0 38926.0
11
8254.0 4280.0
11
2671.0 1724.0
11
2321.0 1115.0
11
1976.0 1127.0
11
2346.0 4402.0
11
4327.0 3328.0
11
2185.0 778.0
11
5300.0 2835.0
11
1820.0 1538.0
11
1408.0 2227.0
11
4942.0 1824.0
11
3509.0 1542.0
11
1348.0 652.0
11
6803.0 847.0
11
3585.0 3689.0
11
4547.0 3111.0
11
1777.0 6386.0
11
16102.0 9089.0
11
14606.0 5148.0
11
11648.0 20207.0
11
18801.0 8406.0
11
1660.0 2501.0
11
2370.0 1163.0
11
8221.0 8389.0
11
3656.0 1692.0
11
5612.0 7500.0
11
3879.0 1859.0
11
3684.0 3718.0
11
9995.0 16440.0
11
2124.0 2750.0
11
3477.0 2727.0
11
2439.0 1966.0
11
1447.0 1662.0
11
1830.0 2385.0
11
2728.0 2300.0
11
6789.0 3451.0
11
19888.0 19310.0
11
2415.0 5293.0
11
2756.0 2707.0
11
20651.0 25276.0
11
31793.0 15733.0
11
11586.0 10800.0
11
30197.0 8710.0
11
21266.0 2422.0
11
16948.0 4432.0
11
23107.0 21109.0
11
4602.0 5757.0
11
3934.0 2764.0
11
2495.0 1593.0
11
589.0 321.0
11
1991.0 4837.0
11
3632.0 1548.0
11
5560.0 3819.0
11
1689.0 3333.0
11
2911.0 1544.0
11
1734.0 720.0
11
1139.0 991.0
11
6692.0 5091.0
11
3904.0 5458.0
11
5531.0 5345.0
11
3806.0 2870.0
11
5001.0 5720.0
11
3608.0 5520.0
11
2990.0 4436.0
11
9799.0 1004.0
11
6886.0 3741.0
11
8034.0 1945.0
11
1385.0 431.0
11
2439.0 3010.0
11
5330.0 3263.0
11
8172.0 15133.0
11
4329.0 1752.0
11
40297.0 11714.0
11
36540.0 21723.0
11
898.0 283.0
11
2289.0 1728.0
11
4808.0 2630.0
11
2554.0 2401.0
11
3939.0 2985.0
11
9831.0 4348.0
11
2454.0 1640.0
11
6514.0 2559.0
11
8863.0 4003.0
11
10070.0 7202.0
11
3348.0 3428.0
11
2365.0 1544.0
11
3631.0 1990.0
11
2946.0 1874.0
11
7831.0 3518.0
11
4546.0 6632.0
11
681.0 465.0
11
633.0 789.0
11
2969.0 2803.0
11
5843.0 3975.0
11
4414.0 2809.0
11
2565.0 2726.0
11
2282.0 1939.0
11
59380.0 31456.0
11
1888.0 1380.0
11
3511.0 3711.0
11
1720.0 2548.0
11
1497.0 1465.0
11
5590.0 3455.0
11
3879.0 3216.0
11
1833.0 2224.0
11
1426.0 1032.0
11
3020.0 3061.0
11
4920.0 2790.0
11
1490.0 3012.0
11
3241.0 1068.0
11
1278.0 1832.0
11
2008.0 828.0
11
4594.0 2555.0
11
389.0 667.0
11
787.0 514.0
11
9552.0 5090.0
11
3458.0 1313.0
11
3276.0 2717.0
11
2540.0 4344.0
11
2065.0 2661.0
11
4414.0 3667.0
11
2718.0 3268.0
11
4219.0 5861.0
11
5143.0 2703.0
11
6275.0 3271.0
11
1264.0 1409.0
11
2547.0 2450.0
11
2812.0 1829.0
11
7036.0 4163.0
11
1659.0 3990.0
11
1949.0 3093.0
11
5615.0 3078.0
11
2942.0 2149.0
11
2419.0 5866.0
11
6216.0 3811.0
11
1114.0 382.0
11
5560.0 4554.0
11
6843.0 4175.0
11
2431.0 2609.0
11
5064.0 3417.0
11
6834.0 4197.0
11
9204.0 4929.0
11
3663.0 3082.0
11
7033.0 3239.0
11
1939.0 3316.0
11
1614.0 1889.0
11
2122.0 2666.0
11
13791.0 30737.0
11
2518.0 3071.0
11
3710.0 4357.0
11
5286.0 2412.0
11
6030.0 6160.0
11
3159.0 1268.0
11
4647.0 2184.0
11
3440.0 1579.0
11
1842.0 1695.0
11
7343.0 5411.0
11
3007.0 1607.0
11
5816.0 5027.0
11
3535.0 5182.0
11
2095.0 5737.0
11
2051.0 2172.0
11
4948.0 3703.0
11
10208.0 1995.0
11
3968.0 3575.0
11
1067.0 1331.0
11
3228.0 3344.0
11
6511.0 3859.0
11
3145.0 7257.0
11
8427.0 8517.0
11
4396.0 7604.0
11
2923.0 821.0
11
3210.0 1545.0
11
3547.0 2770.0
11
1631.0 2316.0
11
2409.0 2186.0
11
11958.0 3052.0
11
11615.0 5569.0
11
3360.0 5528.0
11
17227.0 21330.0
11
1778.0 1684.0
11
4087.0 2848.0
11
2493.0 1403.0
11
3536.0 1203.0
11
4191.0 1737.0
11
4418.0 4759.0
11
2159.0 1803.0
11
10637.0 2682.0
11
2733.0 2860.0
11
2123.0 2712.0
11
1847.0 4884.0
11
8574.0 2783.0
11
9417.0 3824.0
11
7537.0 6928.0
11
11697.0 6372.0
11
12131.0 8463.0
11
10180.0 6060.0
11
21765.0 7080.0
11
10823.0 10765.0
11
4944.0 3672.0
11
46231.0 76422.0
11
13693.0 6508.0
11
2476.0 1362.0
11
7661.0 13589.0
11
7264.0 2393.0
11
3010.0 4253.0
11
20415.0 8808.0
11
13060.0 8555.0
11
20055.0 10353.0
11
2759.0 1111.0
11
10284.0 13735.0
11
20705.0 5128.0
11
16405.0 8279.0
11
5932.0 4004.0
11
26032.0 8946.0
11
9447.0 5382.0
11
8730.0 3037.0
11
3063.0 1166.0
11
6267.0 2024.0
11
2180.0 1604.0
11
14213.0 5010.0
11
17329.0 3045.0
11
18656.0 6813.0
11
2268.0 985.0
11
6099.0 7789.0
11
12484.0 3130.0
11
1492.0 1106.0
11
2394.0 5637.0
11
7772.0 8015.0
11
3505.0 1280.0
11
16949.0 3868.0
11
8956.0 3666.0
11
6151.0 1567.0
11
1909.0 1827.0
11
6106.0 6416.0
11
9192.0 8370.0
11
7858.0 3525.0
11
21108.0 15855.0
11
7193.0 2287.0
11
1363.0 844.0
11
13859.0 9624.0
11
31031.0 6994.0
11
12683.0 9507.0
11
13904.0 9199.0
11
11314.0 14795.0
11
205.0 812.0
11
15630.0 10527.0
11
7864.0 8371.0
11
5684.0 3653.0
11
9173.0 3192.0
11
2091.0 1850.0
11
4794.0 4946.0
11
4621.0 4316.0
11
10484.0 10504.0
11
13120.0 15104.0
11
26291.0 33997.0
11
12532.0 4217.0
11
6398.0 1357.0
11
27367.0 7573.0
11
10758.0 9492.0
11
3905.0 2637.0
11
2442.0 1351.0
11
16912.0 17061.0
11
3352.0 1672.0
11
15010.0 12504.0
11
6002.0 5730.0
11
4415.0 1411.0
11
476.0 636.0
11
11297.0 9115.0
12
4290.0 3528.0
12
33998.0 8698.0
12
3309.0 2879.0
12
14159.0 8682.0
12
1483.0 1198.0
12
1608.0 1661.0
12
2031.0 1163.0
12
5434.0 1275.0
12
2715.0 1948.0
12
5092.0 1186.0
12
932.0 597.0
12
852.0 1030.0
12
6562.0 4300.0
12
2215.0 383.0
12
6634.0 3404.0
12
2826.0 1795.0
12
2337.0 1512.0
12
2720.0 1465.0
12
10779.0 5465.0
12
2113.0 854.0
12
9961.0 7089.0
12
7201.0 11567.0
12
16496.0 12399.0
12
4996.0 5449.0
12
2699.0 2028.0
12
3412.0 1492.0
12
2091.0 2028.0
12
1916.0 858.0
12
14394.0 7370.0
12
3747.0 2994.0
12
7027.0 3005.0
12
4666.0 1340.0
12
2975.0 2102.0
12
4457.0 2801.0
12
4050.0 917.0
12
3912.0 5276.0
12
2096.0 5184.0
12
1491.0 5263.0
12
23433.0 51941.0
12
4133.0 5183.0
12
3132.0 2811.0
12
12194.0 15020.0
12
15084.0 33857.0
12
5707.0 10000.0
12
12016.0 1825.0
12
1398.0 2618.0
12
5684.0 1770.0
12
93165.0 41064.0
12
6605.0 5091.0
12
8000.0 2168.0
12
9857.0 13754.0
12
2503.0 3458.0
12
4354.0 2708.0
12
4403.0 3593.0
12
3254.0 2624.0
12
2647.0 1862.0
12
5391.0 1552.0
12
4742.0 3252.0
12
1704.0 4646.0
12
3391.0 1707.0
12
1578.0 883.0
12
5251.0 4480.0
12
1613.0 940.0
12
3880.0 2485.0
12
8829.0 4688.0
12
5070.0 3210.0
12
8854.0 2786.0
12
2755.0 1553.0
12
7365.0 2496.0
12
3379.0 2595.0
12
5561.0 3992.0
12
2644.0 2327.0
12
4171.0 9277.0
12
8330.0 4657.0
12
2686.0 2627.0
12
3580.0 1602.0
12
3094.0 4046.0
12
3128.0 2402.0
12
2757.0 4155.0
12
8832.0 4834.0
12
2767.0 2480.0
12
8351.0 7442.0
12
4431.0 2833.0
12
1802.0 2299.0
12
14482.0 5376.0
12
5743.0 8895.0
12
2683.0 1602.0
12
775.0 1036.0
12
1976.0 6817.0
12
6079.0 1468.0
12
3088.0 2827.0
12
5568.0 2670.0
12
3355.0 4030.0
12
6067.0 5909.0
12
1566.0 957.0
12
2799.0 1760.0
12
2679.0 2452.0
12
3558.0 3619.0
12
3024.0 3175.0
12
33182.0 9701.0
12
1761.0 2854.0
12
2123.0 2300.0
12
4377.0 3231.0
12
8652.0 4303.0
12
2010.0 3021.0
12
5441.0 5403.0
12
1353.0 2739.0
12
3577.0 1287.0
12
3558.0 3264.0
12
3720.0 2488.0
12
1260.0 1912.0
12
4927.0 2194.0
12
1967.0 2338.0
12
5568.0 1248.0
12
1734.0 2117.0
12
3083.0 2189.0
12
3672.0 1192.0
12
10326.0 5880.0
12
3375.0 3101.0
12
6847.0 4204.0
12
5647.0 2205.0
12
1703.0 1168.0
12
3661.0 2321.0
12
3330.0 2070.0
12
2645.0 1925.0
12
1359.0 569.0
12
3530.0 2729.0
12
1605.0 1712.0
12
6175.0 1396.0
12
3471.0 2602.0
12
769.0 1184.0
12
3603.0 3342.0
12
7649.0 4169.0
12
5927.0 4271.0
12
1801.0 1606.0
12
5420.0 17361.0
12
5625.0 3907.0
12
9509.0 2020.0
12
2148.0 2175.0
12
4020.0 1359.0
12
4492.0 4032.0
12
7663.0 2501.0
12
3894.0 3016.0
12
1875.0 4265.0
12
4020.0 2658.0
12
3808.0 3181.0
12
1154.0 1689.0
12
4171.0 3004.0
12
3362.0 2673.0
12
27840.0 24311.0
12
4338.0 3864.0
12
5286.0 3020.0
12
4087.0 2992.0
12
361.0 137.0
12
4815.0 4586.0
12
9775.0 4799.0
12
3558.0 3213.0
12
10610.0 8027.0
12
7256.0 7744.0
12
2626.0 2715.0
12
2354.0 1892.0
12
20500.0 2258.0
12
10863.0 6331.0
12
5314.0 4527.0
12
4120.0 6554.0
12
3821.0 4479.0
12
5637.0 7739.0
12
7866.0 5475.0
12
5268.0 8380.0
12
4363.0 9363.0
12
6406.0 2730.0
12
6852.0 5604.0
12
3290.0 2532.0
12
4892.0 5059.0
12
6335.0 2942.0
12
4581.0 1749.0
12
4142.0 4187.0
12
1711.0 2179.0
12
2442.0 810.0
12
5536.0 2269.0
12
3901.0 1994.0
12
9534.0 2987.0
12
2926.0 2622.0
12
3383.0 3759.0
12
2754.0 1800.0
12
4664.0 1655.0
12
3047.0 2648.0
12
3807.0 2414.0
12
2397.0 1431.0
12
32262.0 36545.0
12
4773.0 2817.0
12
2842.0 2296.0
12
3620.0 3124.0
12
5618.0 1911.0
12
8952.0 1958.0
12
40918.0 23840.0
12
11392.0 11747.0
12
4799.0 1052.0
12
8804.0 2442.0
12
1610.0 1691.0
12
1000.0 3375.0
12
66739.0 50893.0
12
5992.0 2510.0
12
2001.0 1887.0
12
6866.0 1241.0
12
5374.0 2809.0
12
3601.0 2584.0
12
15884.0 6917.0
12
8688.0 6011.0
12
10933.0 10476.0
12
9737.0 4924.0
12
13065.0 14010.0
12
35499.0 14491.0
12
4814.0 2681.0
12
19234.0 13035.0
12
34025.0 9921.0
12
18653.0 12727.0
12
10081.0 7462.0
12
18953.0 4331.0
12
11939.0 8117.0
12
48969.0 23016.0
12
2206.0 2340.0
12
1291.0 1192.0
12
3403.0 890.0
12
2917.0 1127.0
12
12611.0 3357.0
12
17973.0 3186.0
12
20559.0 4788.0
12
9804.0 6409.0
12
2365.0 2287.0
12
5626.0 4848.0
12
1436.0 2077.0
12
2904.0 3073.0
12
5517.0 5233.0
12
9325.0 1231.0
12
1987.0 1987.0
12
10030.0 15105.0
12
1118.0 634.0
12
16147.0 7393.0
12
7597.0 3840.0
12
2609.0 1397.0
12
3393.0 2377.0
12
26304.0 6578.0
12
9902.0 6356.0
12
9219.0 10318.0
12
13970.0 7874.0
12
48882.0 7805.0
12
9780.0 8010.0
12
4529.0 6555.0
12
4392.0 1991.0
12
13903.0 7764.0
12
5379.0 4146.0
12
1272.0 1817.0
12
6998.0 3789.0
12
30557.0 12965.0
12
10355.0 5451.0
12
6101.0 5573.0
12
5030.0 3477.0
12
33195.0 43181.0
12
26050.0 16176.0
12
1333.0 2007.0
12
8876.0 4705.0
12
9900.0 2818.0
12
9296.0 6123.0
12
5043.0 1386.0
12
9793.0 5671.0
12
7249.0 3301.0
12
10347.0 8678.0
12
9034.0 6153.0
12
5684.0 2733.0
12
11047.0 3950.0
12
4140.0 3798.0
13
4876.0 2533.0
13
36376.0 5298.0
13
4257.0 3903.0
13
3589.0 1327.0
13
2348.0 960.0
13
406.0 184.0
13
1687.0 1367.0
13
330.0 692.0
13
632.0 2218.0
13
3027.0 3488.0
13
3844.0 4867.0
13
1022.0 628.0
13
2030.0 2956.0
13
2217.0 1840.0
13
844.0 390.0
13
10362.0 11830.0
13
3500.0 4674.0
13
5153.0 4183.0
13
12985.0 3545.0
13
2296.0 1906.0
13
15917.0 10189.0
13
6696.0 13316.0
13
10097.0 6552.0
13
1622.0 638.0
13
919.0 945.0
13
1866.0 1350.0
13
4139.0 1289.0
13
1907.0 1810.0
13
4548.0 1722.0
13
12769.0 5667.0
13
9254.0 12199.0
13
4335.0 3636.0
13
3838.0 3168.0
13
5438.0 8675.0
13
2998.0 999.0
13
1713.0 1381.0
13
3388.0 2582.0
13
2331.0 2584.0
13
6184.0 5789.0
13
3293.0 2313.0
13
7764.0 3820.0
13
13702.0 10419.0
13
13636.0 5734.0
13
15685.0 6575.0
13
3455.0 2061.0
13
14525.0 5224.0
13
34779.0 12478.0
13
15480.0 4210.0
13
10166.0 4128.0
13
5726.0 5726.0
13
2287.0 2711.0
13
5567.0 1772.0
13
5411.0 4657.0
13
4485.0 1373.0
13
1873.0 1712.0
13
6747.0 2324.0
13
2565.0 2656.0
13
11562.0 6214.0
13
3392.0 3684.0
13
4216.0 4496.0
13
3705.0 2954.0
13
5074.0 3594.0
13
20007.0 7455.0
13
4172.0 4194.0
13
2096.0 2098.0
13
4418.0 4073.0
13
1852.0 2128.0
13
3437.0 2849.0
13
7037.0 2635.0
13
1384.0 1371.0
13
6345.0 4664.0
13
1954.0 2032.0
13
5127.0 5828.0
13
22017.0 23699.0
13
1401.0 681.0
13
28822.0 30277.0
13
5620.0 1727.0
13
1751.0 1722.0
13
3576.0 2910.0
13
4079.0 2350.0
13
16781.0 10276.0
13
9082.0 3551.0
13
13814.0 7786.0
13
6551.0 4436.0
13
5938.0 3279.0
13
10036.0 10245.0
13
4346.0 1425.0
13
1511.0 525.0
13
4286.0 2463.0
13
2471.0 1405.0
13
1231.0 2286.0
13
858.0 675.0
13
962.0 1279.0
13
1305.0 454.0
13
3942.0 5542.0
13
2238.0 2047.0
13
697.0 299.0
13
2785.0 3135.0
13
35499.0 51452.0
13
2848.0 3355.0
13
1795.0 2895.0
13
4408.0 1819.0
13
5993.0 3010.0
13
803.0 698.0
13
9916.0 4032.0
13
3884.0 4138.0
13
5092.0 1667.0
13
3657.0 3741.0
13
4505.0 4803.0
13
4647.0 2719.0
13
4690.0 3390.0
13
1996.0 2366.0
13
1892.0 818.0
13
2225.0 1603.0
13
2512.0 1876.0
13
1586.0 1618.0
13
3437.0 2063.0
13
3111.0 1141.0
13
3232.0 1907.0
13
6660.0 3811.0
13
1417.0 375.0
13
2633.0 4263.0
13
1520.0 744.0
13
2787.0 1760.0
13
4312.0 2881.0
13
1211.0 809.0
13
4806.0 3208.0
13
2948.0 1478.0
13
1637.0 1848.0
13
1192.0 1110.0
13
3226.0 5369.0
13
4552.0 2231.0
13
3187.0 2713.0
13
3273.0 1514.0
13
4514.0 2774.0
13
13928.0 4131.0
13
6791.0 2418.0
13
6376.0 5700.0
13
5384.0 5621.0
13
2039.0 2953.0
13
6007.0 2163.0
13
5131.0 2151.0
13
10588.0 1885.0
13
8800.0 3164.0
13
2497.0 1809.0
13
1884.0 1182.0
13
3205.0 1086.0
13
1227.0 274.0
13
7706.0 10752.0
13
2402.0 1166.0
13
1820.0 854.0
13
3749.0 1607.0
13
2244.0 2648.0
13
4739.0 1890.0
13
3577.0 4546.0
13
5421.0 6814.0
13
8577.0 6739.0
13
10540.0 8435.0
13
2322.0 1211.0
13
5942.0 1577.0
13
4434.0 5741.0
13
4887.0 2358.0
13
9321.0 7262.0
13
1414.0 791.0
13
3555.0 2208.0
13
6120.0 4282.0
13
13021.0 8843.0
13
14608.0 6426.0
13
7293.0 9546.0
13
4631.0 3600.0
13
7860.0 6691.0
13
3774.0 3242.0
13
3944.0 1638.0
13
1797.0 1292.0
13
1673.0 1671.0
13
2878.0 955.0
13
2382.0 1290.0
13
8590.0 1861.0
13
3375.0 1333.0
13
3656.0 3668.0
13
1960.0 1882.0
13
547.0 640.0
13
1271.0 1616.0
13
5074.0 2041.0
13
3231.0 2693.0
13
1529.0 2552.0
13
2809.0 2306.0
13
2702.0 1391.0
13
6428.0 5322.0
13
1882.0 2562.0
13
2368.0 1977.0
13
1437.0 2170.0
13
6155.0 4471.0
13
12890.0 3561.0
13
15688.0 3782.0
13
6175.0 4005.0
13
10909.0 9804.0
13
12771.0 5897.0
13
58451.0 4587.0
13
16582.0 6507.0
13
5373.0 1043.0
13
1909.0 1831.0
13
15893.0 10618.0
13
5075.0 2983.0
13
11766.0 5007.0
13
5272.0 6451.0
13
7971.0 9732.0
13
21794.0 10049.0
13
2954.0 4005.0
13
12542.0 6103.0
13
20990.0 5076.0
13
23474.0 5196.0
13
5358.0 5490.0
13
13432.0 8621.0
13
1259.0 872.0
13
9265.0 2949.0
13
16639.0 3891.0
13
2839.0 2212.0
13
5097.0 3150.0
13
18799.0 4307.0
13
12540.0 3519.0
13
3763.0 3505.0
13
1937.0 1014.0
13
6570.0 4826.0
13
11934.0 3887.0
13
6741.0 5648.0
13
14367.0 12793.0
13
6316.0 11050.0
13
5262.0 4283.0
13
11363.0 5657.0
13
12288.0 6014.0
13
40398.0 10756.0
13
17143.0 9859.0
13
6255.0 3721.0
13
9120.0 4879.0
13
2763.0 1491.0
13
9521.0 9919.0
13
7715.0 3723.0
13
21593.0 6303.0
13
3961.0 9223.0
13
14742.0 3802.0
13
20637.0 7047.0
13
15145.0 4738.0
13
26657.0 4192.0
13
4422.0 7377.0
13
20555.0 22283.0
13
8882.0 15797.0
13
23957.0 26700.0
13
14530.0 9290.0
13
19578.0 13350.0
13
2527.0 2617.0
13
16772.0 8040.0
13
20584.0 13816.0
13
10034.0 10094.0
13
5167.0 4947.0
13
4301.0 5613.0
13
18440.0 9669.0
13
13628.0 3632.0
13
10488.0 9268.0
13
2196.0 1784.0
13
16360.0 5010.0
13
21437.0 5531.0
13
12082.0 1311.0
13
6590.0 11047.0
13
1387.0 1007.0
14
12918.0 4881.0
14
8472.0 11540.0
14
5426.0 3947.0
14
1357.0 530.0
14
1580.0 1321.0
14
2828.0 1732.0
14
652.0 956.0
14
5770.0 2420.0
14
2644.0 1327.0
14
1555.0 1173.0
14
5037.0 1363.0
14
3103.0 1342.0
14
3429.0 2893.0
14
5089.0 1559.0
14
3472.0 5457.0
14
1024.0 640.0
14
2097.0 988.0
14
4197.0 4560.0
14
9909.0 3330.0
14
6535.0 6751.0
14
15290.0 11264.0
14
8880.0 12149.0
14
14463.0 8640.0
14
1214.0 1113.0
14
1492.0 1888.0
14
1868.0 1777.0
14
2189.0 2799.0
14
2613.0 1124.0
14
15618.0 11051.0
14
6992.0 2918.0
14
9176.0 4604.0
14
2437.0 2178.0
14
8137.0 15376.0
14
955.0 1633.0
14
1900.0 879.0
14
2408.0 2194.0
14
3714.0 2748.0
14
3603.0 3745.0
14
3946.0 2387.0
14
2396.0 1358.0
14
6554.0 3332.0
14
5263.0 6174.0
14
10860.0 12821.0
14
16926.0 17797.0
14
4467.0 4076.0
14
3389.0 3344.0
14
4209.0 8725.0
14
13288.0 32611.0
14
3050.0 1798.0
14
2280.0 861.0
14
2513.0 1935.0
14
2848.0 955.0
14
5909.0 3399.0
14
5699.0 3315.0
14
6153.0 3307.0
14
4169.0 1121.0
14
486.0 1640.0
14
4788.0 3105.0
14
3974.0 3550.0
14
1987.0 1819.0
14
5264.0 2346.0
14
6219.0 2055.0
14
3253.0 4159.0
14
2803.0 1719.0
14
1355.0 1063.0
14
5940.0 2099.0
14
4553.0 1512.0
14
4359.0 2552.0
14
3639.0 1727.0
14
2716.0 1975.0
14
3354.0 4029.0
14
6921.0 5442.0
14
11522.0 8586.0
14
3656.0 4244.0
14
2543.0 1428.0
14
2105.0 969.0
14
7444.0 2023.0
14
3314.0 2511.0
14
1533.0 679.0
14
3162.0 6670.0
14
1290.0 1490.0
14
13490.0 10531.0
14
2425.0 2018.0
14
8808.0 5485.0
14
7405.0 6038.0
14
5006.0 6972.0
14
23931.0 9975.0
14
3336.0 1349.0
14
1608.0 1874.0
14
676.0 619.0
14
1243.0 1145.0
14
2558.0 1297.0
14
2763.0 1500.0
14
8795.0 1472.0
14
3796.0 947.0
14
717.0 530.0
14
2121.0 4300.0
14
2726.0 1174.0
14
1852.0 2452.0
14
14595.0 19200.0
14
2068.0 1775.0
14
3630.0 2007.0
14
9768.0 3972.0
14
4391.0 2077.0
14
2474.0 2221.0
14
1039.0 1052.0
14
1341.0 1011.0
14
3136.0 1182.0
14
2510.0 3774.0
14
11093.0 3945.0
14
3720.0 1906.0
14
1979.0 2818.0
14
2836.0 2939.0
14
1833.0 1467.0
14
3572.0 4441.0
14
1230.0 1042.0
14
5114.0 1523.0
14
3751.0 3181.0
14
3557.0 4473.0
14
3301.0 988.0
14
2414.0 1737.0
14
4118.0 1848.0
14
1885.0 2468.0
14
2915.0 2812.0
14
1892.0 1567.0
14
2512.0 1876.0
14
2824.0 1785.0
14
3315.0 7529.0
14
3187.0 2583.0
14
1876.0 1385.0
14
1345.0 1592.0
14
5966.0 3662.0
14
4922.0 1730.0
14
2327.0 1508.0
14
2847.0 961.0
14
2321.0 2061.0
14
9047.0 7698.0
14
6284.0 2146.0
14
3937.0 3161.0
14
2313.0 3143.0
14
4390.0 1819.0
14
3878.0 2993.0
14
3619.0 1167.0
14
1442.0 799.0
14
1823.0 2935.0
14
2673.0 1926.0
14
2217.0 1529.0
14
2116.0 3608.0
14
5270.0 1940.0
14
12492.0 7008.0
14
2455.0 3678.0
14
2723.0 908.0
14
9184.0 4552.0
14
6271.0 2790.0
14
3865.0 3076.0
14
7440.0 10374.0
14
2990.0 2611.0
14
9036.0 6922.0
14
11527.0 11015.0
14
1295.0 2729.0
14
3133.0 4347.0
14
6435.0 2257.0
14
14000.0 5138.0
14
6898.0 5129.0
14
12494.0 5148.0
14
3071.0 5677.0
14
6746.0 5430.0
14
6771.0 1704.0
14
7804.0 11245.0
14
18878.0 2863.0
14
5154.0 4953.0
14
6651.0 5262.0
14
1596.0 1533.0
14
1597.0 1497.0
14
2338.0 934.0
14
4738.0 3366.0
14
331.0 410.0
14
1278.0 1127.0
14
3669.0 2554.0
14
17173.0 7273.0
14
31101.0 28581.0
14
1234.0 3616.0
14
1714.0 3594.0
14
3990.0 1668.0
14
3321.0 1209.0
14
3946.0 2451.0
14
786.0 816.0
14
7456.0 3355.0
14
57356.0 18640.0
14
1543.0 1838.0
14
3051.0 1922.0
14
852.0 2243.0
14
31644.0 12004.0
14
2679.0 1444.0
14
12383.0 12075.0
14
6271.0 3936.0
14
21985.0 7486.0
14
14056.0 4674.0
14
14731.0 4612.0
14
8495.0 6539.0
14
2738.0 1454.0
14
5860.0 5972.0
14
61097.0 81386.0
14
6401.0 4414.0
14
6952.0 6633.0
14
7817.0 12857.0
14
9046.0 6878.0
14
2469.0 3761.0
14
9629.0 22951.0
14
28488.0 16933.0
14
15520.0 11829.0
14
16841.0 5787.0
14
17055.0 6312.0
14
16635.0 12682.0
14
21671.0 18731.0
14
3492.0 1198.0
14
6147.0 4488.0
14
13508.0 7792.0
14
14678.0 11978.0
14
14124.0 5793.0
14
8995.0 4241.0
14
39885.0 2991.0
14
18234.0 8099.0
14
2309.0 1704.0
14
5981.0 4411.0
14
11645.0 3532.0
14
16216.0 4126.0
14
2185.0 1980.0
14
8613.0 6782.0
14
5500.0 4494.0
14
2588.0 2066.0
14
1624.0 1475.0
14
20506.0 18189.0
14
2327.0 1012.0
14
9738.0 5062.0
14
1528.0 2107.0
14
3293.0 1249.0
14
5561.0 6648.0
14
3951.0 2228.0
14
11167.0 15914.0
14
17682.0 11529.0
14
8528.0 2698.0
14
24962.0 5540.0
14
23120.0 10964.0
14
2187.0 2238.0
14
1096.0 2278.0
14
1485.0 2784.0
14
6059.0 4850.0
14
4757.0 4075.0
14
6408.0 5343.0
14
21322.0 8265.0
14
25978.0 8820.0
14
7272.0 3507.0
14
16907.0 9252.0
14
67944.0 42390.0
14
8303.0 6747.0
14
15228.0 9598.0
14
43461.0 16522.0
14
19346.0 4007.0
14
6569.0 11676.0
14
7498.0 6315.0
14
6420.0 5490.0
14
2133.0 1767.0
14
1162.0 2238.0
14
2848.0 2048.0
14
1414.0 1283.0
14
46629.0 18892.0
14
2541.0 4159.0
14
3211.0 5740.0
14
8806.0 7693.0
14
6924.0 1810.0
15
4006.0 4382.0
15
5028.0 6596.0
15
1535.0 3760.0
15
1008.0 930.0
15
1258.0 1321.0
15
3869.0 1506.0
15
5781.0 4392.0
15
6092.0 4785.0
15
2003.0 2531.0
15
2147.0 1864.0
15
5974.0 2800.0
15
2607.0 464.0
15
3748.0 3180.0
15
9961.0 3855.0
15
3651.0 2268.0
15
3814.0 1225.0
15
1722.0 3457.0
15
5897.0 3062.0
15
13491.0 10743.0
15
7854.0 10356.0
15
7326.0 9800.0
15
11235.0 23019.0
15
8144.0 12792.0
15
1308.0 1008.0
15
652.0 618.0
15
4193.0 16107.0
15
2928.0 5029.0
15
1615.0 1085.0
15
37717.0 11578.0
15
6757.0 3101.0
15
9781.0 10741.0
15
2465.0 637.0
15
7323.0 4376.0
15
2540.0 4067.0
15
1736.0 2096.0
15
2149.0 2290.0
15
4430.0 3046.0
15
5919.0 2644.0
15
56835.0 27992.0
15
2588.0 2374.0
15
2938.0 3200.0
15
8821.0 4911.0
15
24288.0 17014.0
15
4543.0 2425.0
15
4440.0 2052.0
15
11406.0 8203.0
15
10081.0 6771.0
15
68166.0 38592.0
15
4553.0 3029.0
15
1013.0 315.0
15
2694.0 2582.0
15
4492.0 3134.0
15
2738.0 1759.0
15
5248.0 3409.0
15
1436.0 523.0
15
11324.0 8819.0
15
4666.0 4639.0
15
4120.0 5127.0
15
3477.0 2729.0
15
2902.0 1898.0
15
5452.0 2076.0
15
3530.0 4262.0
15
5334.0 6926.0
15
5247.0 3532.0
15
3557.0 1971.0
15
397.0 194.0
15
4420.0 8272.0
15
1399.0 2130.0
15
3951.0 3058.0
15
1630.0 1085.0
15
3274.0 3840.0
15
2096.0 1793.0
15
3674.0 2681.0
15
2705.0 1969.0
15
18057.0 12712.0
15
2436.0 1633.0
15
3217.0 2769.0
15
4543.0 4045.0
15
4770.0 4337.0
15
5559.0 3042.0
15
5572.0 2795.0
15
4769.0 4279.0
15
6987.0 3827.0
15
19124.0 3400.0
15
4764.0 3216.0
15
10030.0 4487.0
15
2160.0 1406.0
15
3176.0 2256.0
15
5257.0 1533.0
15
3644.0 892.0
15
1971.0 4887.0
15
1366.0 1059.0
15
1406.0 1297.0
15
5748.0 4137.0
15
3001.0 1957.0
15
5553.0 3218.0
15
54312.0 27070.0
15
1466.0 2960.0
15
4145.0 3676.0
15
14273.0 7320.0
15
4919.0 2957.0
15
1375.0 2893.0
15
3719.0 3806.0
15
7806.0 5774.0
15
2705.0 1701.0
15
9303.0 6361.0
15
4322.0 4982.0
15
1638.0 2186.0
15
197533.0 27240.0
15
5736.0 4783.0
15
8540.0 4586.0
15
2624.0 1718.0
15
11238.0 1190.0
15
2923.0 1647.0
15
24328.0 8535.0
15
4819.0 1636.0
15
3308.0 2287.0
15
6728.0 3393.0
15
3835.0 1689.0
15
9521.0 5015.0
15
2173.0 1533.0
15
819.0 319.0
15
2682.0 3192.0
15
6710.0 1966.0
15
3544.0 1902.0
15
8050.0 3078.0
15
6135.0 3077.0
15
4290.0 3464.0
15
5160.0 851.0
15
4033.0 2070.0
15
3419.0 1179.0
15
4515.0 5801.0
15
5802.0 3640.0
15
5734.0 4224.0
15
1860.0 2171.0
15
1168.0 1018.0
15
5838.0 3271.0
15
4259.0 1757.0
15
2199.0 1541.0
15
1970.0 949.0
15
8275.0 2694.0
15
3086.0 2257.0
15
5955.0 4849.0
15
947.0 625.0
15
8001.0 5793.0
15
7242.0 3635.0
15
4021.0 2236.0
15
6045.0 13376.0
15
2166.0 1316.0
15
7469.0 1630.0
15
1923.0 1185.0
15
2158.0 1834.0
15
4839.0 2565.0
15
1646.0 2393.0
15
3632.0 2074.0
15
4099.0 3110.0
15
3068.0 5530.0
15
10559.0 5861.0
15
4929.0 6379.0
15
4362.0 2228.0
15
5331.0 1081.0
15
4454.0 6420.0
15
3193.0 5351.0
15
2251.0 1770.0
15
5411.0 4929.0
15
4058.0 1434.0
15
7547.0 2941.0
15
16464.0 19507.0
15
5542.0 5731.0
15
11694.0 3884.0
15
9912.0 6001.0
15
8497.0 2308.0
15
4611.0 3300.0
15
2548.0 3355.0
15
2901.0 2274.0
15
1923.0 2242.0
15
10951.0 2315.0
15
6535.0 2770.0
15
10243.0 3584.0
15
9615.0 7779.0
15
17934.0 6258.0
15
1918.0 3284.0
15
2719.0 2162.0
15
5177.0 2281.0
15
2497.0 2337.0
15
2106.0 1355.0
15
1908.0 731.0
15
11414.0 5140.0
15
61244.0 52607.0
15
4011.0 4155.0
15
6698.0 3992.0
15
8939.0 1766.0
15
4935.0 5803.0
15
6936.0 3943.0
15
8978.0 5517.0
15
24253.0 2740.0
15
23509.0 9932.0
15
23048.0 9415.0
15
17088.0 5416.0
15
9729.0 5554.0
15
3560.0 1503.0
15
18147.0 4196.0
15
9518.0 17732.0
15
13190.0 12590.0
15
1812.0 1261.0
15
5409.0 2888.0
15
13223.0 4354.0
15
13512.0 7087.0
15
25819.0 15633.0
15
2541.0 3190.0
15
19438.0 5203.0
15
11528.0 10117.0
15
7992.0 17293.0
15
4717.0 1749.0
15
16601.0 4878.0
15
8486.0 12222.0
15
10021.0 4431.0
15
5758.0 8382.0
15
572.0 549.0
15
6244.0 4556.0
15
5556.0 3026.0
15
2393.0 1013.0
15
9303.0 6574.0
15
11694.0 5955.0
15
17189.0 7447.0
15
14705.0 5895.0
15
2724.0 2050.0
15
8127.0 3601.0
15
6379.0 5775.0
15
3730.0 4752.0
15
5265.0 3750.0
15
26800.0 7172.0
15
12176.0 10735.0
15
1960.0 1561.0
15
16145.0 13235.0
15
10866.0 4637.0
15
31271.0 13003.0
15
2619.0 2292.0
15
22636.0 21062.0
15
18483.0 7452.0
15
1651.0 1311.0
15
7109.0 11495.0
15
18128.0 5671.0
15
1556.0 3614.0
15
1950.0 1807.0
15
11169.0 6574.0
15
7039.0 12558.0
15
11239.0 20409.0
15
84913.0 69519.0
15
3263.0 3243.0
15
10515.0 4666.0
15
25341.0 35152.0
15
2548.0 3828.0
15
12906.0 4567.0
15
9593.0 13285.0
15
13915.0 15815.0
15
6959.0 5828.0
15
2070.0 1681.0
15
9747.0 6934.0
15
1715.0 430.0
15
2020.0 1344.0
15
5873.0 9100.0
15
10706.0 6363.0
15
13788.0 10340.0
15
6214.0 5644.0
15
17839.0 16199.0
15
9971.0 5612.0
15
397.0 173.0
15
4178.0 7414.0
15
3827.0 3313.0
16
5617.0 4662.0
16
6602.0 4724.0
16
17534.0 8017.0
16
9170.0 11290.0
16
1724.0 832.0
16
2506.0 2053.0
16
6704.0 5123.0
16
3227.0 3588.0
16
2789.0 2086.0
16
1466.0 1698.0
16
2348.0 2229.0
16
8700.0 1409.0
16
4247.0 2982.0
16
1473.0 1016.0
16
4035.0 2063.0
16
2325.0 3105.0
16
1536.0 1834.0
16
3682.0 2915.0
16
6148.0 9800.0
16
6634.0 12734.0
16
5617.0 5728.0
16
4153.0 6262.0
16
15334.0 14323.0
16
1702.0 1681.0
16
7253.0 6199.0
16
2843.0 1990.0
16
2306.0 740.0
16
4361.0 2390.0
16
12915.0 17802.0
16
3474.0 3916.0
16
5066.0 5749.0
16
2776.0 1934.0
16
6232.0 14776.0
16
3267.0 2200.0
16
2509.0 1424.0
16
3450.0 2375.0
16
7328.0 1254.0
16
4178.0 2271.0
16
9346.0 6237.0
16
2157.0 1736.0
16
19400.0 11895.0
16
149922.0 64836.0
16
19992.0 23358.0
16
1335.0 3776.0
16
4869.0 1648.0
16
21892.0 4346.0
16
24867.0 7268.0
16
158296.0 137141.0
16
9488.0 2450.0
16
5198.0 3052.0
16
7237.0 1704.0
16
2280.0 2251.0
16
1806.0 1707.0
16
5623.0 3164.0
16
8406.0 10951.0
16
2466.0 466.0
16
2934.0 4035.0
16
3995.0 1968.0
16
3983.0 1968.0
16
2964.0 4679.0
16
2495.0 2583.0
16
1076.0 901.0
16
3125.0 8919.0
16
1051.0 1542.0
16
2664.0 682.0
16
4595.0 1547.0
16
2692.0 3059.0
16
753.0 453.0
16
2612.0 3735.0
16
7404.0 2692.0
16
1906.0 2926.0
16
5285.0 4083.0
16
5290.0 1344.0
16
13511.0 10929.0
16
88744.0 36451.0
16
2026.0 755.0
16
7189.0 6453.0
16
10108.0 3328.0
16
1729.0 3789.0
16
2688.0 3770.0
16
7053.0 3627.0
16
5116.0 3058.0
16
7089.0 3278.0
16
8359.0 10176.0
16
10244.0 2982.0
16
8229.0 3613.0
16
14892.0 2743.0
16
17220.0 1882.0
16
3510.0 3832.0
16
3010.0 2178.0
16
802.0 1014.0
16
1765.0 2474.0
16
3866.0 3319.0
16
2777.0 1796.0
16
2212.0 1706.0
16
2830.0 3206.0
16
5196.0 5354.0
16
2297.0 2633.0
16
3884.0 3791.0
16
11051.0 6440.0
16
5428.0 2419.0
16
4458.0 4524.0
16
718.0 1531.0
16
22377.0 4576.0
16
9342.0 5999.0
16
8814.0 6568.0
16
4644.0 7270.0
16
7919.0 1971.0
16
8097.0 2225.0
16
2968.0 3384.0
16
10286.0 18406.0
16
1132.0 2760.0
16
3648.0 2061.0
16
7222.0 2670.0
16
3115.0 1789.0
16
2832.0 4071.0
16
4053.0 2449.0
16
2719.0 2545.0
16
3183.0 3582.0
16
3350.0 3755.0
16
11047.0 4100.0
16
4506.0 3800.0
16
487.0 490.0
16
2276.0 1901.0
16
5521.0 3181.0
16
4190.0 2109.0
16
5273.0 5252.0
16
4701.0 4764.0
16
2565.0 2019.0
16
1676.0 2117.0
16
6953.0 6390.0
16
5969.0 1609.0
16
4886.0 3314.0
16
5397.0 3581.0
16
2422.0 1552.0
16
14129.0 3903.0
16
1004.0 1565.0
16
5782.0 4568.0
16
5885.0 2687.0
16
3596.0 3237.0
16
6953.0 3550.0
16
22935.0 8831.0
16
8206.0 3147.0
16
10256.0 3913.0
16
4585.0 1878.0
16
6486.0 1481.0
16
14032.0 9570.0
16
2644.0 1925.0
16
7392.0 1654.0
16
2695.0 2004.0
16
2259.0 592.0
16
10408.0 2094.0
16
3702.0 3457.0
16
4406.0 2987.0
16
3898.0 2983.0
16
5259.0 4074.0
16
15063.0 8967.0
16
8300.0 4385.0
16
2822.0 1375.0
16
5512.0 4196.0
16
5442.0 6220.0
16
5637.0 3063.0
16
5169.0 6318.0
16
6007.0 4311.0
16
7112.0 4045.0
16
12599.0 9381.0
16
3266.0 3178.0
16
2071.0 2263.0
16
4443.0 7539.0
16
5336.0 2638.0
16
4705.0 4700.0
16
1926.0 1884.0
16
1515.0 2425.0
16
4787.0 1573.0
16
19993.0 6956.0
16
2712.0 1750.0
16
2461.0 2430.0
16
24224.0 8764.0
16
3814.0 5801.0
16
4359.0 1177.0
16
3452.0 4180.0
16
2547.0 1696.0
16
3573.0 3109.0
16
2635.0 2268.0
16
17428.0 18330.0
16
1946.0 1307.0
16
1079.0 798.0
16
1432.0 609.0
16
21008.0 4106.0
16
11441.0 3704.0
16
7328.0 5146.0
16
6701.0 6112.0
16
16113.0 5017.0
16
11733.0 4978.0
16
6351.0 6239.0
16
4096.0 703.0
16
2816.0 2126.0
16
12424.0 15410.0
16
34461.0 28647.0
16
7292.0 9822.0
16
11861.0 9306.0
16
2814.0 1131.0
16
12236.0 39426.0
16
12564.0 6160.0
16
1484.0 521.0
16
64905.0 30362.0
16
2813.0 3206.0
16
13456.0 6331.0
16
3779.0 1253.0
16
13395.0 4815.0
16
17854.0 21705.0
16
5956.0 3590.0
16
9391.0 4274.0
16
5369.0 5190.0
16
12068.0 19882.0
16
13305.0 2841.0
16
15679.0 4606.0
16
12610.0 4132.0
16
4378.0 6692.0
16
8884.0 3159.0
16
13854.0 2851.0
16
21162.0 3898.0
16
30784.0 18040.0
16
10093.0 3660.0
16
4518.0 4091.0
16
9631.0 6021.0
16
15834.0 3061.0
16
5051.0 3284.0
16
24166.0 14767.0
16
7739.0 20307.0
16
3740.0 2495.0
16
16438.0 5118.0
16
4093.0 1071.0
16
781.0 491.0
16
4321.0 2595.0
16
2684.0 1795.0
16
5884.0 4910.0
16
4679.0 3268.0
16
5845.0 1253.0
16
14425.0 13884.0
16
6013.0 8559.0
16
12735.0 8981.0
16
1078.0 1694.0
16
5214.0 3591.0
16
2890.0 2492.0
16
41926.0 8112.0
16
4959.0 5730.0
16
5035.0 11657.0
16
6820.0 10150.0
16
1176.0 663.0
16
4226.0 2322.0
16
48923.0 22197.0
16
4850.0 3155.0
16
5983.0 5345.0
16
3285.0 1171.0
16
18521.0 11488.0
16
13374.0 2992.0
16
7631.0 5868.0
16
1568.0 1120.0
16
6672.0 4691.0
16
4290.0 1048.0
16
16097.0 6884.0
16
26043.0 14969.0
16
3675.0 1125.0
16
3496.0 2322.0
16
1728.0 1160.0
16
5729.0 4329.0
17
2856.0 2021.0
17
7251.0 5618.0
17
6133.0 4385.0
17
2739.0 4528.0
17
1859.0 1325.0
17
2893.0 1943.0
17
3810.0 2400.0
17
2359.0 4587.0
17
7412.0 2013.0
17
2710.0 2085.0
17
2878.0 1557.0
17
2765.0 2299.0
17
4354.0 2151.0
17
4735.0 1690.0
17
2003.0 3925.0
17
13097.0 9675.0
17
2814.0 2472.0
17
7441.0 2623.0
17
3599.0 1124.0
17
13982.0 16101.0
17
14112.0 12521.0
17
41231.0 24717.0
17
14510.0 8614.0
17
2256.0 6629.0
17
2217.0 791.0
17
2088.0 1816.0
17
3074.0 3866.0
17
2817.0 1950.0
17
2091.0 4529.0
17
2215.0 4713.0
17
8238.0 5496.0
17
4601.0 2301.0
17
46835.0 11514.0
17
2796.0 1529.0
17
1434.0 2991.0
17
4410.0 3425.0
17
675.0 337.0
17
4287.0 2376.0
17
76103.0 31165.0
17
3129.0 3534.0
17
6291.0 4705.0
17
2027.0 2543.0
17
17105.0 6909.0
17
4458.0 3524.0
17
22634.0 4706.0
17
8121.0 3785.0
17
16826.0 27708.0
17
23453.0 30747.0
17
10859.0 3840.0
17
5361.0 3056.0
17
2378.0 1588.0
17
3898.0 3881.0
17
5259.0 672.0
17
2658.0 3654.0
17
4986.0 3616.0
17
7127.0 4253.0
17
5789.0 1635.0
17
3059.0 4218.0
17
2804.0 3736.0
17
6356.0 3823.0
17
3175.0 2803.0
17
846.0 708.0
17
7228.0 3249.0
17
2325.0 6902.0
17
2056.0 4062.0
17
1975.0 4772.0
17
2156.0 1227.0
17
5306.0 3262.0
17
1589.0 373.0
17
4329.0 1426.0
17
1292.0 1091.0
17
11355.0 3863.0
17
5694.0 3760.0
17
48400.0 15348.0
17
3383.0 2621.0
17
15840.0 7394.0
17
2280.0 1097.0
17
1418.0 580.0
17
2357.0 4084.0
17
3144.0 1939.0
17
18251.0 7582.0
17
3144.0 3015.0
17
3865.0 2595.0
17
3914.0 6322.0
17
4239.0 3078.0
17
4605.0 4662.0
17
11300.0 9871.0
17
11707.0 2638.0
17
4385.0 1226.0
17
570.0 588.0
17
34547.0 53749.0
17
574.0 604.0
17
748.0 819.0
17
7721.0 3652.0
17
2284.0 2850.0
17
1524.0 3570.0
17
19690.0 2796.0
17
3102.0 2112.0
17
803.0 610.0
17
3372.0 7203.0
17
2600.0 2402.0
17
7398.0 2325.0
17
2852.0 5766.0
17
7202.0 6335.0
17
3367.0 1416.0
17
5782.0 3445.0
17
1835.0 551.0
17
2132.0 1678.0
17
9287.0 3775.0
17
2254.0 1976.0
17
3477.0 1988.0
17
2982.0 1028.0
17
4649.0 2686.0
17
4028.0 1563.0
17
2667.0 1449.0
17
3684.0 3240.0
17
3868.0 2915.0
17
7855.0 4412.0
17
1852.0 1287.0
17
2990.0 5771.0
17
4238.0 2000.0
17
3275.0 1290.0
17
5258.0 2042.0
17
2280.0 1819.0
17
4329.0 4745.0
17
4348.0 2396.0
17
2444.0 585.0
17
5936.0 6420.0
17
4042.0 2567.0
17
2446.0 1487.0
17
2450.0 2235.0
17
17422.0 2952.0
17
11736.0 3364.0
17
2761.0 894.0
17
5868.0 1500.0
17
517.0 1155.0
17
5873.0 3981.0
17
2905.0 3893.0
17
5787.0 2966.0
17
4038.0 3128.0
17
4673.0 4283.0
17
7073.0 1988.0
17
3097.0 1420.0
17
3825.0 3066.0
17
1072.0 706.0
17
8451.0 1758.0
17
2640.0 1786.0
17
46998.0 23491.0
17
1939.0 2908.0
17
4776.0 7322.0
17
2247.0 1238.0
17
2293.0 1982.0
17
5006.0 4280.0
17
15720.0 3216.0
17
6484.0 3781.0
17
1761.0 7738.0
17
4799.0 3855.0
17
8660.0 8378.0
17
5765.0 10355.0
17
2384.0 2796.0
17
5154.0 5288.0
17
4451.0 1613.0
17
5750.0 2790.0
17
2667.0 3888.0
17
5056.0 10466.0
17
6044.0 7419.0
17
13161.0 7221.0
17
15414.0 9342.0
17
4501.0 6236.0
17
9924.0 2940.0
17
10074.0 5867.0
17
6301.0 4588.0
17
2373.0 1026.0
17
7015.0 2334.0
17
4594.0 1135.0
17
777.0 531.0
17
8894.0 6525.0
17
4339.0 3452.0
17
1031.0 635.0
17
7263.0 2856.0
17
17959.0 24846.0
17
2651.0 2046.0
17
823.0 1106.0
17
14857.0 17908.0
17
3311.0 5215.0
17
3169.0 1331.0
17
442.0 531.0
17
6280.0 6917.0
17
6448.0 968.0
17
5458.0 3492.0
17
3419.0 5244.0
17
8588.0 3703.0
17
3967.0 5575.0
17
11377.0 2958.0
17
16366.0 8980.0
17
11840.0 7669.0
17
16303.0 2913.0
17
13528.0 5682.0
17
3669.0 3464.0
17
7866.0 8125.0
17
8530.0 11557.0
17
21252.0 7035.0
17
7145.0 2890.0
17
22083.0 8310.0
17
22806.0 10075.0
17
10353.0 8754.0
17
16508.0 16966.0
17
15972.0 11040.0
17
8470.0 9394.0
17
15151.0 9679.0
17
25158.0 7741.0
17
12834.0 14044.0
17
11490.0 7664.0
17
2245.0 1541.0
17
1016.0 524.0
17
8635.0 14916.0
17
12954.0 2327.0
17
10968.0 4246.0
17
10413.0 7455.0
17
4778.0 5837.0
17
9986.0 5428.0
17
10925.0 12103.0
17
6198.0 3328.0
17
37522.0 4777.0
17
1150.0 540.0
17
7332.0 4246.0
17
7708.0 3721.0
17
2143.0 908.0
17
12228.0 9762.0
17
3575.0 6850.0
17
20844.0 17822.0
17
14980.0 5274.0
17
3147.0 1771.0
17
9409.0 8619.0
17
2735.0 2233.0
17
9073.0 2740.0
17
47383.0 13392.0
17
16910.0 14352.0
17
10657.0 8909.0
17
4675.0 7426.0
17
31536.0 29409.0
17
2897.0 2047.0
17
12606.0 6848.0
17
6698.0 3252.0
17
2785.0 1572.0
17
2194.0 1771.0
17
17755.0 8338.0
17
9666.0 5235.0
17
7211.0 5037.0
17
55934.0 35263.0
17
10450.0 4150.0
17
29057.0 19631.0
17
270161.0 278007.0
17
21665.0 14400.0
17
3759.0 3477.0
17
3705.0 1540.0
17
15025.0 3942.0
17
15549.0 6152.0
17
13540.0 4597.0
17
3321.0 835.0
17
9924.0 6047.0
17
1835.0 1088.0
17
10219.0 3813.0
17
5539.0 3628.0
17
8755.0 4892.0
17
7784.0 3200.0
17
11265.0 2438.0
17
18918.0 7662.0
18
1135.0 822.0
18
9107.0 6868.0
18
1680.0 1077.0
18
11993.0 1648.0
18
2227.0 684.0
18
4090.0 3615.0
18
9042.0 3113.0
18
3141.0 2032.0
18
2308.0 2275.0
18
1205.0 3462.0
18
6966.0 4249.0
18
3963.0 1580.0
18
753.0 362.0
18
1063.0 4410.0
18
1639.0 1782.0
18
2024.0 3274.0
18
3994.0 2295.0
18
1616.0 787.0
18
4079.0 5154.0
18
14411.0 8013.0
18
17145.0 17893.0
18
43244.0 9206.0
18
11699.0 30655.0
18
2188.0 1149.0
18
2451.0 705.0
18
2790.0 1074.0
18
3382.0 3185.0
18
2486.0 3622.0
18
11343.0 12639.0
18
3044.0 2262.0
18
1442.0 968.0
18
2089.0 1551.0
18
4320.0 7053.0
18
3972.0 3031.0
18
3073.0 1911.0
18
4716.0 2281.0
18
3668.0 768.0
18
1322.0 2845.0
18
16178.0 9514.0
18
3624.0 3933.0
18
10493.0 6352.0
18
1993.0 2144.0
18
12715.0 4513.0
18
11041.0 1203.0
18
20806.0 11518.0
18
11044.0 7571.0
18
9987.0 17432.0
18
34545.0 31753.0
18
3162.0 2867.0
18
3545.0 1265.0
18
3032.0 3747.0
18
3820.0 2356.0
18
745.0 919.0
18
1405.0 2378.0
18
3566.0 3455.0
18
7960.0 2467.0
18
3260.0 3935.0
18
2004.0 1499.0
18
5584.0 2383.0
18
2676.0 1446.0
18
1874.0 4038.0
18
5684.0 4743.0
18
8128.0 6992.0
18
15563.0 13313.0
18
2417.0 4548.0
18
6541.0 3926.0
18
8524.0 3355.0
18
1994.0 1815.0
18
5801.0 2260.0
18
5352.0 2537.0
18
5555.0 3645.0
18
7130.0 7348.0
18
7629.0 4320.0
18
21711.0 11211.0
18
5548.0 3239.0
18
9406.0 16915.0
18
4475.0 3077.0
18
4900.0 6964.0
18
2492.0 1869.0
18
3431.0 4236.0
18
14176.0 6079.0
18
3266.0 6056.0
18
7098.0 5032.0
18
2043.0 3489.0
18
2496.0 2387.0
18
3687.0 3418.0
18
3686.0 2508.0
18
3585.0 2599.0
18
2056.0 1685.0
18
6289.0 4553.0
18
4434.0 2366.0
18
6209.0 5518.0
18
8965.0 4888.0
18
1230.0 400.0
18
2262.0 1563.0
18
24179.0 5743.0
18
2882.0 1544.0
18
4543.0 2391.0
18
4482.0 2270.0
18
5409.0 1676.0
18
6212.0 1641.0
18
1542.0 1091.0
18
3646.0 3305.0
18
9368.0 2076.0
18
7334.0 6963.0
18
5024.0 5021.0
18
4784.0 2387.0
18
3791.0 2356.0
18
2791.0 1417.0
18
2392.0 1078.0
18
4360.0 2824.0
18
6448.0 553.0
18
5060.0 1497.0
18
432.0 326.0
18
5615.0 2249.0
18
5398.0 1028.0
18
7701.0 4404.0
18
10676.0 5866.0
18
4014.0 3694.0
18
3616.0 4579.0
18
4080.0 2874.0
18
3660.0 1969.0
18
3359.0 1174.0
18
4484.0 963.0
18
5294.0 5266.0
18
4422.0 2821.0
18
5552.0 2613.0
18
3194.0 3110.0
18
1685.0 2572.0
18
501.0 570.0
18
2498.0 3048.0
18
7587.0 6397.0
18
3080.0 3153.0
18
2126.0 2099.0
18
6336.0 6405.0
18
9603.0 4056.0
18
5954.0 4096.0
18
4005.0 2759.0
18
3559.0 3620.0
18
4664.0 1769.0
18
2536.0 4952.0
18
1912.0 2378.0
18
4137.0 8510.0
18
3274.0 1384.0
18
6104.0 2745.0
18
2634.0 1735.0
18
35842.0 30662.0
18
602.0 526.0
18
9941.0 7538.0
18
1604.0 2410.0
18
4844.0 1764.0
18
5098.0 2382.0
18
4166.0 2692.0
18
5647.0 2213.0
18
4139.0 3732.0
18
4761.0 5279.0
18
2746.0 5251.0
18
24317.0 4347.0
18
9878.0 3936.0
18
423.0 2003.0
18
4663.0 3832.0
18
5098.0 8588.0
18
7320.0 9437.0
18
6250.0 5334.0
18
11010.0 7717.0
18
15763.0 7569.0
18
7061.0 2793.0
18
9495.0 8392.0
18
3690.0 3825.0
18
19346.0 3089.0
18
7534.0 1796.0
18
3868.0 1539.0
18
2799.0 1369.0
18
4625.0 4329.0
18
5432.0 1202.0
18
9231.0 5035.0
18
3968.0 4447.0
18
5864.0 3893.0
18
14047.0 5896.0
18
29994.0 20487.0
18
3043.0 712.0
18
1990.0 1797.0
18
3435.0 588.0
18
1850.0 364.0
18
1643.0 2914.0
18
3781.0 4381.0
18
5895.0 3067.0
18
2369.0 3011.0
18
9945.0 4993.0
18
1869.0 3463.0
18
8333.0 5830.0
18
5907.0 1647.0
18
11000.0 2837.0
18
12144.0 5949.0
18
12409.0 8459.0
18
12178.0 6497.0
18
6148.0 3959.0
18
2751.0 1090.0
18
11945.0 4538.0
18
37642.0 17573.0
18
10543.0 8941.0
18
13369.0 5558.0
18
2333.0 3287.0
18
13081.0 11219.0
18
9073.0 2636.0
18
18582.0 15248.0
18
8161.0 2177.0
18
16834.0 13811.0
18
2532.0 2427.0
18
524.0 342.0
18
11998.0 5434.0
18
11815.0 8235.0
18
8114.0 1973.0
18
31179.0 6875.0
18
1345.0 2377.0
18
11805.0 5453.0
18
7922.0 2469.0
18
9368.0 5750.0
18
8662.0 3988.0
18
5488.0 4324.0
18
20993.0 14042.0
18
7529.0 6336.0
18
9376.0 6666.0
18
6729.0 8475.0
18
14015.0 4364.0
18
8005.0 4425.0
18
12830.0 4958.0
18
10706.0 2165.0
18
15224.0 21607.0
18
1959.0 1350.0
18
28127.0 47415.0
18
9347.0 5938.0
18
10418.0 7425.0
18
8896.0 2944.0
18
17628.0 2978.0
18
22754.0 6986.0
18
7158.0 4780.0
18
45536.0 12480.0
18
1666.0 1882.0
18
16345.0 8174.0
18
5072.0 5195.0
18
13732.0 6344.0
18
3876.0 3304.0
18
9630.0 6580.0
18
2662.0 1363.0
18
4359.0 4260.0
18
10560.0 5559.0
18
87484.0 55537.0
18
30617.0 16690.0
18
12122.0 6010.0
18
15840.0 10327.0
18
7895.0 3516.0
18
8808.0 6081.0
18
34478.0 21860.0
18
7331.0 11829.0
18
7763.0 3125.0
18
2285.0 785.0
18
8696.0 4277.0
18
12804.0 4010.0
18
27748.0 9894.0
18
10769.0 2191.0
18
6879.0 5385.0
18
16028.0 10432.0
18
10228.0 2687.0
18
8943.0 25697.0
18
10494.0 4254.0
18
16380.0 13759.0
18
10682.0 6453.0
18
1100.0 1970.0
19
4435.0 5597.0
19
10118.0 16580.0
19
3812.0 2776.0
19
9820.0 3186.0
19
1525.0 1469.0
19
2639.0 1248.0
19
3068.0 1168.0
19
6160.0 1615.0
19
3450.0 2207.0
19
3367.0 1596.0
19
2317.0 2923.0
19
3751.0 3645.0
19
733.0 1130.0
19
5163.0 1468.0
19
2993.0 996.0
19
4013.0 6099.0
19
2722.0 2541.0
19
7094.0 7858.0
19
4325.0 2599.0
19
2489.0 5761.0
19
20879.0 14906.0
19
20375.0 18273.0
19
18185.0 6733.0
19
2216.0 1097.0
19
4949.0 1176.0
19
3800.0 1436.0
19
598.0 269.0
19
1166.0 1582.0
19
8687.0 9979.0
19
3610.0 2625.0
19
10863.0 7821.0
19
4527.0 3387.0
19
4887.0 5273.0
19
1142.0 1981.0
19
1402.0 2456.0
19
2548.0 2902.0
19
1849.0 1667.0
19
1164.0 787.0
19
7487.0 5320.0
19
6749.0 2044.0
19
1562.0 1537.0
19
12019.0 7481.0
19
106883.0 25419.0
19
4362.0 3016.0
19
23493.0 6239.0
19
11215.0 6044.0
19
2508.0 3248.0
19
47457.0 20961.0
19
3266.0 1388.0
19
1959.0 3663.0
19
3197.0 2042.0
19
5399.0 6966.0
19
3315.0 1826.0
19
1850.0 1747.0
19
6925.0 3110.0
19
5904.0 9140.0
19
11266.0 5963.0
19
2264.0 5122.0
19
2422.0 1640.0
19
10246.0 6452.0
19
2863.0 1071.0
19
4307.0 2816.0
19
1726.0 2084.0
19
3963.0 4254.0
19
2548.0 2772.0
19
5335.0 1458.0
19
3026.0 3510.0
19
4102.0 3649.0
19
7322.0 2349.0
19
1715.0 1223.0
19
3710.0 5025.0
19
53980.0 22068.0
19
3671.0 1654.0
19
10654.0 8238.0
19
45024.0 8871.0
19
4340.0 4027.0
19
2412.0 727.0
19
3268.0 4615.0
19
795.0 2156.0
19
6079.0 3798.0
19
1167.0 843.0
19
3450.0 4446.0
19
2499.0 1731.0
19
1454.0 3262.0
19
3495.0 6624.0
19
4554.0 3039.0
19
2009.0 6269.0
19
2602.0 2117.0
19
2677.0 863.0
19
1110.0 2849.0
19
1831.0 1674.0
19
5051.0 2391.0
19
57777.0 67117.0
19
11593.0 6022.0
19
3875.0 1631.0
19
4044.0 3891.0
19
49279.0 30225.0
19
909.0 1832.0
19
1582.0 1587.0
19
8548.0 19327.0
19
2976.0 3143.0
19
3257.0 2149.0
19
10478.0 13096.0
19
7806.0 4019.0
19
1528.0 1316.0
19
5081.0 4060.0
19
2508.0 2188.0
19
489.0 552.0
19
1894.0 2194.0
19
5015.0 4295.0
19
2075.0 1813.0
19
2506.0 1041.0
19
4759.0 1922.0
19
1135.0 1443.0
19
2282.0 688.0
19
4044.0 3668.0
19
3319.0 2421.0
19
7549.0 3796.0
19
14125.0 10270.0
19
3871.0 3408.0
19
3432.0 5637.0
19
2915.0 2006.0
19
3985.0 4633.0
19
2786.0 1216.0
19
1588.0 1768.0
19
2188.0 2169.0
19
5999.0 2186.0
19
10256.0 6598.0
19
2397.0 2439.0
19
3281.0 2272.0
19
1063.0 2676.0
19
3275.0 2189.0
19
4496.0 2015.0
19
7079.0 2475.0
19
1982.0 2750.0
19
1796.0 1379.0
19
5405.0 4882.0
19
9959.0 11198.0
19
4436.0 2834.0
19
3780.0 2588.0
19
2847.0 2943.0
19
3563.0 2007.0
19
335.0 645.0
19
1678.0 10488.0
19
8764.0 3615.0
19
4018.0 3746.0
19
2938.0 874.0
19
3195.0 885.0
19
2678.0 2162.0
19
2318.0 2512.0
19
5599.0 3910.0
19
19521.0 8904.0
19
28292.0 5143.0
19
4030.0 2195.0
19
5339.0 869.0
19
10450.0 4271.0
19
4983.0 2612.0
19
18170.0 3140.0
19
9411.0 10017.0
19
6312.0 4848.0
19
1826.0 703.0
19
10039.0 4280.0
19
6352.0 2415.0
19
6288.0 3252.0
19
3222.0 4127.0
19
13409.0 5617.0
19
5797.0 5106.0
19
7533.0 5670.0
19
6335.0 9066.0
19
4178.0 1819.0
19
4245.0 2267.0
19
7646.0 2323.0
19
6200.0 2228.0
19
3399.0 3418.0
19
2595.0 1442.0
19
3605.0 2268.0
19
6610.0 9478.0
19
3357.0 7475.0
19
1269.0 553.0
19
14657.0 10061.0
19
32831.0 20973.0
19
2468.0 2569.0
19
2013.0 3150.0
19
2761.0 1796.0
19
992.0 721.0
19
4199.0 1908.0
19
4087.0 5554.0
19
1961.0 3239.0
19
18384.0 30408.0
19
2347.0 1655.0
19
11207.0 4384.0
19
13612.0 5667.0
19
9969.0 4769.0
19
15149.0 3673.0
19
23562.0 12169.0
19
9871.0 3997.0
19
2218.0 1323.0
19
11315.0 13334.0
19
21981.0 5820.0
19
4108.0 2438.0
19
23717.0 21109.0
19
8075.0 4535.0
19
10474.0 5908.0
19
5551.0 3154.0
19
15802.0 30268.0
19
9582.0 12592.0
19
20292.0 9266.0
19
3942.0 1636.0
19
15342.0 7619.0
19
24622.0 8824.0
19
9630.0 5314.0
19
7652.0 10956.0
19
10177.0 7703.0
19
3869.0 2466.0
19
12735.0 3809.0
19
8411.0 7139.0
19
2267.0 647.0
19
6783.0 2107.0
19
8369.0 1220.0
19
1878.0 885.0
19
2749.0 717.0
19
3884.0 2514.0
19
5296.0 9921.0
19
4114.0 3135.0
19
2694.0 3412.0
19
5359.0 1474.0
19
2078.0 2585.0
19
3385.0 2291.0
19
5525.0 6818.0
19
8888.0 7470.0
19
17545.0 11711.0
19
35245.0 12928.0
19
11648.0 5268.0
19
4445.0 3242.0
19
14575.0 14161.0
19
9582.0 5447.0
19
18087.0 17806.0
19
16344.0 8559.0
19
3238.0 1265.0
19
10101.0 6339.0
19
6167.0 2241.0
19
1108.0 811.0
19
1507.0 1630.0
19
1824.0 870.0
19
7546.0 4445.0
19
5968.0 2348.0
19
15012.0 7750.0
19
109854.0 26593.0
19
3382.0 1050.0
19
13991.0 3820.0
19
1687.0 1590.0
19
50372.0 27038.0
19
6397.0 7452.0
19
14238.0 2096.0
19
3369.0 1932.0
19
8797.0 3684.0
19
9784.0 5058.0
19
14901.0 7029.0
19
10154.0 11731.0
19
1677.0 905.0
19
3291.0 2231.0
19
8052.0 2740.0
19
5674.0 2090.0
19
6518.0 3537.0
19
9186.0 5164.0
19
7507.0 9657.0
19
61445.0 17345.0
20
26467.0 14748.0
20
810.0 826.0
20
2572.0 3358.0
20
6608.0 3116.0
20
840.0 857.0
20
2572.0 902.0
20
8197.0 4243.0
20
1679.0 495.0
20
2348.0 1640.0
20
653.0 658.0
20
1612.0 2574.0
20
1204.0 857.0
20
3834.0 1063.0
20
4143.0 4025.0
20
2147.0 2040.0
20
3246.0 820.0
20
976.0 528.0
20
63084.0 62177.0
20
6704.0 6910.0
20
1801.0 644.0
20
6488.0 16614.0
20
23229.0 6843.0
20
6738.0 20880.0
20
1033.0 1425.0
20
4091.0 9550.0
20
9622.0 28713.0
20
9657.0 4423.0
20
5874.0 3707.0
20
2842.0 2506.0
20
6045.0 2743.0
20
11049.0 5767.0
20
5491.0 2699.0
20
3386.0 3785.0
20
938.0 1747.0
20
3822.0 1199.0
20
25844.0 6684.0
20
3635.0 1413.0
20
4226.0 2397.0
20
13713.0 11466.0
20
3117.0 1779.0
20
76714.0 24743.0
20
7455.0 4992.0
20
1421.0 803.0
20
60855.0 39534.0
20
10891.0 1458.0
20
4552.0 2198.0
20
12721.0 5281.0
20
72076.0 32127.0
20
3586.0 4707.0
20
2458.0 931.0
20
2120.0 2962.0
20
55883.0 21233.0
20
5704.0 1510.0
20
1568.0 3937.0
20
3631.0 3548.0
20
1464.0 5976.0
20
3444.0 1069.0
20
3112.0 5258.0
20
3735.0 2186.0
20
5641.0 2380.0
20
1631.0 2439.0
20
7342.0 3638.0
20
2706.0 5419.0
20
654.0 611.0
20
4313.0 2097.0
20
5074.0 2184.0
20
4680.0 4971.0
20
3132.0 1615.0
20
8911.0 4703.0
20
3522.0 3087.0
20
1017.0 1262.0
20
2783.0 1709.0
20
13833.0 10931.0
20
10075.0 6132.0
20
45210.0 8806.0
20
4432.0 2625.0
20
21582.0 2950.0
20
3277.0 2185.0
20
4432.0 2907.0
20
4092.0 3313.0
20
9666.0 3663.0
20
7230.0 4503.0
20
5497.0 3966.0
20
4486.0 2147.0
20
2251.0 3976.0
20
4882.0 2521.0
20
3976.0 2283.0
20
725.0 761.0
20
2519.0 3947.0
20
3438.0 6350.0
20
4904.0 2961.0
20
804.0 514.0
20
15381.0 2359.0
20
6575.0 2002.0
20
4354.0 1415.0
20
3512.0 4361.0
20
6105.0 5341.0
20
2390.0 1910.0
20
2241.0 2817.0
20
5337.0 3125.0
20
2888.0 1735.0
20
7092.0 5754.0
20
3551.0 3186.0
20
8116.0 1954.0
20
9615.0 5330.0
20
5628.0 2949.0
20
7501.0 8183.0
20
1946.0 1206.0
20
826.0 876.0
20
3508.0 2568.0
20
1282.0 1095.0
20
2377.0 1464.0
20
8339.0 1968.0
20
1666.0 1143.0
20
3603.0 4928.0
20
2316.0 990.0
20
2504.0 2102.0
20
5035.0 2417.0
20
12834.0 6797.0
20
5687.0 5365.0
20
4788.0 1986.0
20
2017.0 2195.0
20
112.0 55.0
20
2465.0 1225.0
20
3904.0 2350.0
20
9955.0 5640.0
20
5580.0 2421.0
20
6944.0 5219.0
20
4716.0 2647.0
20
4358.0 7757.0
20
4308.0 3324.0
20
5781.0 3210.0
20
7171.0 3077.0
20
7337.0 6281.0
20
3674.0 1799.0
20
3064.0 1651.0
20
12423.0 3564.0
20
13771.0 17883.0
20
5335.0 4205.0
20
7421.0 5999.0
20
9717.0 3901.0
20
829.0 669.0
20
3726.0 1873.0
20
1027.0 1012.0
20
2771.0 5868.0
20
19054.0 4126.0
20
2325.0 1919.0
20
2856.0 1823.0
20
11448.0 11500.0
20
4736.0 3302.0
20
2965.0 1891.0
20
1118.0 596.0
20
2424.0 1970.0
20
3896.0 4552.0
20
5704.0 5193.0
20
5370.0 4674.0
20
13160.0 13003.0
20
12809.0 10318.0
20
11333.0 2822.0
20
6009.0 3475.0
20
6582.0 2624.0
20
6535.0 4535.0
20
2625.0 3722.0
20
4735.0 10165.0
20
12157.0 7061.0
20
16682.0 7759.0
20
10079.0 7116.0
20
9595.0 5483.0
20
4877.0 3719.0
20
5638.0 2216.0
20
2116.0 1173.0
20
2378.0 572.0
20
1883.0 3047.0
20
4592.0 980.0
20
6605.0 995.0
20
4256.0 3320.0
20
2770.0 3334.0
20
13031.0 10010.0
20
18608.0 5658.0
20
4272.0 2299.0
20
4536.0 2698.0
20
2115.0 4622.0
20
1590.0 1042.0
20
2851.0 3720.0
20
3520.0 706.0
20
3755.0 2135.0
20
3373.0 1787.0
20
4732.0 2836.0
20
11254.0 4498.0
20
5541.0 1202.0
20
5851.0 3658.0
20
18920.0 2399.0
20
6457.0 3807.0
20
31618.0 22639.0
20
11160.0 5974.0
20
3559.0 987.0
20
20788.0 5581.0
20
19341.0 9988.0
20
19638.0 8947.0
20
11777.0 6470.0
20
7558.0 6136.0
20
4156.0 9752.0
20
64414.0 13698.0
20
23234.0 11167.0
20
9491.0 5865.0
20
24242.0 5529.0
20
2920.0 1148.0
20
16868.0 13041.0
20
4166.0 1894.0
20
2714.0 1085.0
20
18045.0 11224.0
20
9437.0 13653.0
20
2878.0 1262.0
20
4755.0 5161.0
20
2384.0 3110.0
20
25483.0 8747.0
20
18562.0 6379.0
20
1072.0 579.0
20
32196.0 10336.0
20
5895.0 3368.0
20
14790.0 3748.0
20
6838.0 3227.0
20
25504.0 18289.0
20
4182.0 3199.0
20
4230.0 7160.0
20
7111.0 2013.0
20
5423.0 6941.0
20
4815.0 9072.0
20
11104.0 5341.0
20
9734.0 4858.0
20
7944.0 5401.0
20
13383.0 12657.0
20
12359.0 9498.0
20
14619.0 15683.0
20
32517.0 14852.0
20
2593.0 3241.0
20
3985.0 8909.0
20
23566.0 6209.0
20
13422.0 17877.0
20
1969.0 2224.0
20
5458.0 7766.0
20
2160.0 1832.0
20
8746.0 3934.0
20
11569.0 11406.0
20
21454.0 10485.0
20
4884.0 4356.0
20
15942.0 7349.0
20
12541.0 5041.0
20
76155.0 60185.0
20
2727.0 2589.0
20
12402.0 12378.0
20
25982.0 11280.0
20
10654.0 6451.0
20
19364.0 17401.0
20
13553.0 3065.0
20
11240.0 4758.0
20
10463.0 7199.0
20
4160.0 5938.0
20
2591.0 956.0
20
3707.0 1669.0
20
2513.0 1980.0
20
10754.0 5684.0
20
4358.0 4993.0
20
8625.0 10643.0
20
3849.0 2732.0
20
3653.0 3200.0
20
3958.0 1718.0
21
13295.0 15537.0
21
3612.0 1111.0
21
13287.0 5280.0
21
4672.0 2673.0
21
5459.0 6788.0
21
7155.0 7482.0
21
2744.0 1121.0
21
3446.0 2100.0
21
1473.0 2022.0
21
3355.0 1739.0
21
4507.0 1320.0
21
2894.0 2147.0
21
3886.0 2451.0
21
119.0 77.0
21
3879.0 7341.0
21
1220.0 1530.0
21
2852.0 731.0
21
5505.0 4393.0
21
9914.0 8040.0
21
28289.0 7889.0
21
40778.0 14544.0
21
10909.0 8296.0
21
1009.0 921.0
21
8199.0 7510.0
21
1379.0 955.0
21
8326.0 8729.0
21
1893.0 1090.0
21
12985.0 6171.0
21
11738.0 6451.0
21
1178.0 376.0
21
8447.0 2003.0
21
6404.0 2916.0
21
1845.0 2025.0
21
1725.0 3372.0
21
14589.0 6032.0
21
2422.0 1402.0
21
4284.0 2076.0
21
13562.0 6732.0
21
4550.0 1526.0
21
13012.0 9832.0
21
6436.0 9620.0
21
25461.0 21333.0
21
6062.0 3633.0
21
35450.0 13213.0
21
4055.0 916.0
21
37605.0 28803.0
21
3205.0 2115.0
21
8468.0 2737.0
21
4346.0 2763.0
21
4687.0 3199.0
21
7163.0 5771.0
21
2379.0 2276.0
21
9771.0 5814.0
21
3938.0 5358.0
21
6090.0 5444.0
21
1449.0 1293.0
21
6034.0 1596.0
21
4800.0 3817.0
21
4132.0 6866.0
21
2307.0 1138.0
21
9880.0 2974.0
21
4257.0 4291.0
21
6297.0 6289.0
21
5196.0 1758.0
21
2485.0 2211.0
21
3513.0 2409.0
21
5509.0 1693.0
21
3086.0 4125.0
21
6634.0 2306.0
21
5740.0 1839.0
21
15537.0 10577.0
21
19479.0 7738.0
21
10128.0 2627.0
21
2377.0 1640.0
21
3860.0 4494.0
21
8873.0 2218.0
21
2385.0 1075.0
21
2036.0 1152.0
21
1495.0 845.0
21
1729.0 1737.0
21
2401.0 1897.0
21
6037.0 4025.0
21
1929.0 832.0
21
6352.0 3914.0
21
5555.0 6685.0
21
1916.0 2008.0
21
2025.0 291.0
21
3272.0 1166.0
21
12826.0 3292.0
21
3527.0 1319.0
21
2463.0 1796.0
21
10923.0 9093.0
21
3949.0 5890.0
21
11275.0 9917.0
21
3350.0 2055.0
21
7496.0 3648.0
21
3411.0 4266.0
21
3761.0 2293.0
21
2724.0 6582.0
21
3228.0 1435.0
21
3833.0 2011.0
21
5745.0 1648.0
21
6149.0 7532.0
21
24323.0 12915.0
21
4409.0 4294.0
21
4146.0 1967.0
21
2628.0 1203.0
21
5016.0 2618.0
21
5173.0 1863.0
21
2106.0 2316.0
21
3302.0 4311.0
21
1780.0 2150.0
21
4144.0 4383.0
21
6462.0 2512.0
21
1396.0 315.0
21
2175.0 5814.0
21
2706.0 3361.0
21
9611.0 6022.0
21
2314.0 2737.0
21
9724.0 4539.0
21
5245.0 2697.0
21
2903.0 5283.0
21
3946.0 5968.0
21
5448.0 4207.0
21
45797.0 44856.0
21
4894.0 5503.0
21
5745.0 2125.0
21
1448.0 1114.0
21
1466.0 2239.0
21
5144.0 3240.0
21
4585.0 2365.0
21
4874.0 1329.0
21
3368.0 3993.0
21